0,0,0,0,0
0,0,0,0,0
0,0,0,0,0
0,0,0,0,0
0,-3.471417,3.020655,-6.942835,6.041309
1.35,-6.942838,6.041311,-6.942835,6.041309
2.25,-8.678552,4.789908,17.35709,-8.801636
-1.65,0.3471331,0.2130581,17.35709,-8.801636
-3.15,9.025675,-4.18776,17.35709,-8.801636
-5.700002,0,0,0,0
-2.4,0,0,0,0
0.4500002,2.827955,-2.194858,7.855432,-6.096827
-3.15,6.755673,-5.243269,7.855432,-6.096827
-4.950001,7.776875,-5.617466,-19.63858,8.871033
-1.2,-2.042416,-1.181951,-19.63858,8.871033
2.55,0,0,0,0
1.8,0,0,0,0
1.2,0.1255351,0.1206727,6.276758,6.033633
4.500001,3.263915,3.13749,6.276758,6.033633
3.450001,6.527826,6.27498,6.276758,6.033633
5.850002,9.666202,4.868926,6.276758,-7.033633
2.1,2.8873,0.5784094,-15.69189,-8.792041
2.086163E-07,-4.958648,-3.817611,-15.69189,-8.792041
2.086163E-07,0,0,0,0
0.6000001,0,0,0,0
2.4,0.4566259,-0.3189817,7.610431,-5.316362
-1.5,4.41405,-3.083491,7.610431,-5.316362
-4.350001,8.219269,-5.74167,7.610431,-5.316362
-5.400002,0,0,0,0
-3.900001,0,0,0,0
-0.8999996,0.9765189,-0.9733805,6.975135,-6.952718
-3.3,4.464087,-4.449738,6.975135,-6.952718
-4.800001,7.95165,-6.157444,6.975135,7.952718
-4.350001,11.43921,-2.181087,6.975135,7.952718
-0.4499997,0,0,0,0
-1.5,0,0,0,0
1.35,-3.174266,2.888565,-6.613056,6.017844
1.35,-6.480797,5.897489,-6.613056,6.017844
1.2,-9.787329,5.276418,-6.613056,-7.017844
-1.949999,-2.182314,0.9604443,16.53264,-8.772305
-3,6.084004,-3.425708,16.53264,-8.772305
-6.600002,5.753352,-6.759185,-16.53264,-4.386153
-6.5,-2.512967,-4.86789,-16.53264,5.386153
-4.849999,-9.456676,-2.228675,16.53264,2.693076
-1.999997,-0.859703,-0.8282754,16.53264,2.693076
-0.7999974,7.737268,0.5721241,16.53264,2.693076
2.650003,4.100088,1.46084,-16.53264,1.346538
2.650003,-4.16623,2.13411,-16.53264,1.346538
2.050002,-7.472757,2.740053,16.53264,0.6732691
0.5500026,0.7935609,3.076688,16.53264,0.6732691
1.600002,9.05988,3.413323,16.53264,0.6732691
4.750004,0,0,0,0
1.600002,0,0,0,0
1.150002,1.381761,-0.9258346,7.676453,-5.143525
-0.6499975,5.21999,-3.497596,7.676453,-5.143525
-4.399999,9.058219,-6.069358,7.676453,-5.143525
-6.5,6.576144,-3.629975,-9.698853,9.350669
-6.5,1.726719,1.045359,-9.698853,9.350669
-6.5,-3.122708,5.720692,-9.698853,9.350669
-6.5,-7.972131,3.717573,-9.698853,-10.35067
-3.499998,-8.840823,-1.065787,3.570261,-8.478831
-2.599998,-7.055688,-5.305203,3.570261,-8.478831
-2.599998,-5.270553,-4.536473,3.570261,9.478831
-2.599998,-3.485419,0.2029424,3.570261,9.478831
-2.599998,-1.628885,5.131935,3.570261,9.478831
-0.7999974,0.1562454,4.303205,3.570261,-10.47883
-2.599998,1.941375,-0.9362102,3.570261,-10.47883
-1.849997,3.726505,-6.175626,3.570261,-10.47883
2.050002,5.583045,-2.4224,3.570261,11.47883
4.300004,7.36818,3.317014,3.570261,11.47883
3.550003,9.153315,5.243204,3.570261,-12.47883
1.000002,8.724882,0.6260376,-3.570261,-6.239415
-2.749998,6.939747,-2.49367,-3.570261,-6.239415
-3.499998,5.154612,-5.613377,-3.570261,-6.239415
-3.499998,3.369478,-5.248589,-3.570261,7.239415
-3.499998,0,0,0,0
-3.499998,0,0,0,0
0.1000022,-0.8484962,0.8435516,-6.060688,6.02537
2.050002,-3.878839,3.856237,-6.060688,6.02537
2.050002,-7.030401,6.989426,-6.060688,6.02537
1.750002,-9.81832,4.018775,15.15172,-8.781712
-1.999997,-2.24246,-0.3720804,15.15172,-8.781712
-4.249999,5.333398,-4.762936,15.15172,-8.781712
-6.5,6.84857,-5.970196,-15.15172,4.890856
-4.099998,-0.7272881,-3.524771,-15.15172,4.890856
-0.1999975,-8.606181,-0.981526,-15.15172,4.890856
1.750002,-4.060666,0.5346394,15.15172,2.445428
1.750002,3.515193,1.757354,15.15172,2.445428
3.550003,8.666777,2.906704,-15.15172,1.222714
5.350004,1.090918,3.518063,-15.15172,1.222714
5.350004,-6.48494,4.12942,-15.15172,1.222714
5.350004,-6.181906,4.594049,15.15172,0.611357
3.550003,1.393952,4.899725,15.15172,0.611357
4.300004,8.969811,5.205401,15.15172,0.611357
6.5,2.909124,5.388807,-15.15172,0.3056785
3.799998,-4.666734,5.541646,-15.15172,0.3056785
3.799998,-8.000112,5.676145,15.15172,0.1528392
3.799998,-0.4242538,5.75257,15.15172,0.1528392
3.799998,7.151604,5.828995,15.15172,0.1528392
6.5,0,0,0,0
3.799998,0,0,0,0
2.299997,-1.497676,1.390053,-7.488382,6.950266
2.299997,-5.241869,4.865187,-7.488382,6.950266
2.299997,-9.135834,5.817228,-7.488382,-7.950266
1.099997,-2.62094,1.08682,18.72095,-9.937832
-2.650003,6.739539,-3.882097,18.72095,-9.937832
-6.250005,0,0,0,0
-3.400003,0,0,0,0
0.3499976,1.450937,-1.381473,6.04557,-5.756137
-1.000002,4.473722,-4.259543,6.04557,-5.756137
-4.750004,7.496511,-7.137613,6.04557,-5.756137
-3.400003,8.584718,-3.644421,-15.11392,8.445171
-1.600002,0.7254763,0.7470675,-15.11392,8.445171
0.9499975,-6.831486,4.969652,-15.11392,8.445171
0.9499975,0,0,0,0
0.9499975,0,0,0,0
2.299998,1.032228,0.9271761,6.451423,5.794851
1.249998,4.25794,3.824601,6.451423,5.794851
3.049998,7.612677,6.837927,6.451423,5.794851
1.999997,10.83838,4.215881,6.451423,-6.79485
3.499998,0,0,0,0
1.249998,0,0,0,0
3.199998,2.832949,1.895478,7.869305,5.265216
4.549999,6.767605,4.528084,7.869305,5.265216
6.65,8.184079,7.002734,-19.67326,-6.58152
5.9,-1.65255,3.211974,-19.67326,-7.58152
1.999997,-7.947992,-0.4271555,19.67326,-3.79076
-1.750002,1.888637,-2.322536,19.67326,-3.79076
-4.150003,8.577544,-4.104193,-19.67326,-1.89538
-6.100005,-1.259085,-5.051883,-19.67326,-1.89538
-6.100005,-8.734922,-5.961665,19.67326,-0.94769
-4.450004,1.101707,-6.43551,19.67326,-0.94769
-6.250005,9.364474,-6.899879,-19.67326,-0.473845
-6.5,-0.4721545,-7.009412,-19.67326,1
-6.5,-9.128387,-6.499412,19.67326,0.5
-3.949998,0.7082413,-6.249406,19.67326,0.5
-5.449999,9.757939,-5.999401,-19.67326,0.25
-6.35,-0.07868928,-5.874398,-19.67326,0.25
-3.349998,-9.915318,-5.749395,-19.67326,0.25
-3.349998,-0.07868916,-5.684393,19.67326,0.125
-4.849999,9.757939,-5.621892,19.67326,0.125
-5.75,0.314776,-5.586897,-19.67326,0.0625
-3.499998,-9.521852,-5.555652,-19.67326,0.0625
-3.499998,-0.4721544,-5.538774,19.67326,0.03125
-4.249999,9.757939,-5.522521,19.67326,0.03125
-6.5,0.7082412,-5.514087,-19.67326,0.015625
-3.499998,-9.128387,-5.506279,-19.67326,0.015625
-3.499998,-0.8656197,-5.501901,19.67326,0.0078125
-4.249999,9.364474,-5.497835,19.67326,0.0078125
-6.5,1.101707,-5.495645,-19.67326,0.00390625
-3.949998,-8.734922,-5.49369,-19.67326,0.00390625
-3.949998,-1.259085,-5.492556,19.67326,0.001953125
-5.149999,8.577544,-5.491579,19.67326,0.001953125
-3.949998,1.888637,-5.490992,-19.67326,0.0009765625
-3.199998,-7.947992,-5.490503,-19.67326,0.0009765625
-3.199998,-2.046016,-5.490205,19.67326,0.0004882813
-4.099998,7.790614,-5.489966,19.67326,0.0004882813
-6.5,2.675568,-5.489814,-19.67326,0.0002441406
-3.499998,-7.161062,-5.489695,-19.67326,0.0002441406
-3.499998,-2.439481,-5.489614,19.67326,0.0001220703
-3.499998,7.397149,-5.489554,19.67326,0.0001220703
-6.5,0,0,0,0
-3.799998,0,0,0,0
-0.1999975,-2.140764,1.830094,-7.135882,6.100314
-0.1999975,-5.708707,4.880251,-7.135882,6.100314
-0.1999975,-9.276649,6.366334,-7.135882,-7.100314
-2.599998,-3.068427,2.141646,17.83971,-8.875392
-3.499998,5.851427,-2.29605,17.83971,-8.875392
-5.9,5.494633,-5.668696,-17.83971,-4.437696
-4.999999,-3.425221,-6.129969,-17.83971,5.437696
-1.249997,-8.063547,-3.683001,17.83971,2.718848
-0.9499974,1.213103,-2.269197,17.83971,2.718848
-1.399997,10.13296,-0.909772,17.83971,2.718848
0.5500024,1.213102,-0.2028716,-17.83971,1.359424
-1.399997,-7.706753,0.4768404,-17.83971,1.359424
-1.399997,-3.782015,0.9254508,17.83971,0.679712
-0.9499974,5.137838,1.265308,17.83971,0.679712
2.050002,6.208221,1.537192,-17.83971,0.339856
0.8500025,-2.711633,1.707119,-17.83971,0.339856
0.7000026,-8.777136,1.86685,17.83971,0.169928
-0.04999736,0.1427202,1.951814,17.83971,0.169928
0.8500025,9.062576,2.036779,17.83971,0.169928
3.700003,1.926691,2.087756,-17.83971,0.084964
-0.04999736,-6.993164,2.130236,-17.83971,0.084964
-0.4999973,-4.495604,2.159974,17.83971,0.042482
0.1000026,4.42425,2.181217,17.83971,0.042482
1.600002,6.92181,2.199061,-17.83971,0.021241
0.2500026,-1.998045,2.209683,-17.83971,0.021241
0.2500026,-9.490725,2.220092,17.83971,0.0106205
2.050002,-0.570868,2.225403,17.83971,0.0106205
3.100003,8.348988,2.230714,17.83971,0.0106205
3.100003,2.640279,2.23411,-17.83971,0.00531025
4.150003,-6.279575,2.236763,-17.83971,0.00531025
3.700003,-5.209192,2.238727,17.83971,0.002655125
3.700003,3.710661,2.240056,17.83971,0.002655125
3.700003,0,0,0,0
3.550003,0,0,0,0
2.650002,0.3082258,0.2351012,7.705646,5.87753
2.650002,4.31516,3.291417,7.705646,5.87753
4.600004,8.167981,6.230178,7.705646,5.87753
6.5,4.700437,4.40518,-19.26411,-8.596911
3.049998,-4.931621,0.1067246,-19.26411,-8.596911
-0.7000024,-7.066714,-5.070518,11.97326,-11.31556
-1.450002,-1.080083,-3.186339,11.97326,12.31556
2.449997,5.146012,3.21775,11.97326,12.31556
4.549999,11.13264,6.51295,11.97326,6.657778
1.699997,0,0,0,0
3.499998,0,0,0,0
0.1999975,2.918714,-2.447362,6.633442,-5.562186
-2.500003,6.368105,-5.339698,6.633442,-5.562186
-3.850003,9.684823,-5.958405,6.633442,6.562186
-6.5,-2.980203,0.8558306,-30.5211,22.41022
-4.999999,0,-0.2,0,-1
-1.249997,0,-0.6999999,0,-1
-0.4999975,1.410491,-2.22975,7.052454,-6.14875
-0.4999975,4.936718,-5.304121,7.052454,-6.14875
-2.149997,8.462942,-5.738996,7.052454,7.148749
-5.75,4.79567,-1.66421,-17.63114,8.935937
-4.249999,-4.019898,2.803759,-17.63114,8.935937
-0.3499975,0,0,0,0
-0.3499975,0,0,0,0
-0.6499975,0.6226695,0.4806266,7.783369,6.007833
-1.249997,4.514353,3.484544,7.783369,6.007833
2.500003,8.406036,6.488463,7.783369,6.007833
5.950005,0,0,0,0
2.800003,0,0,0,0
-0.6499975,1.031131,-0.8997682,6.444567,-5.623551
-0.0499976,4.253413,-3.711545,6.444567,-5.623551
-2.449998,7.475699,-6.523322,6.444567,-5.623551
-5.149999,8.184597,-4.290667,-16.11142,8.279439
-5.299999,-0.1933414,0.01464203,-16.11142,8.279439
-1.549997,-8.249051,4.154362,-16.11142,8.279439
0.4000024,-3.415625,6.720985,16.11142,4.139719
1.750002,4.640085,5.099072,16.11142,-5.139719
0.4000025,0,0,0,0
2.050002,0,0,0,0
2.050002,-0.3979011,0.419348,-6.631686,6.989133
0.4000026,-3.846377,4.053698,-6.631686,6.989133
1.750002,-7.16222,6.669573,-6.631686,-7.989133
1.750002,-8.820148,2.555166,16.57922,-9.986417
-1.999997,-0.5305392,-2.438042,16.57922,-9.986417
-4.849999,7.75907,-7.031796,16.57922,9.986417
-1.399997,0,0,0,0
-2.749998,0,0,0,0
0.5500024,1.74591,1.701174,6.235392,6.075624
4.300004,4.863606,4.738985,6.235392,6.075624
4.150003,7.981298,6.481671,6.235392,-7.075624
3.100003,7.045996,2.483945,-15.58848,-8.844529
-0.6499975,-0.7482424,-1.93832,-15.58848,-8.844529
-0.7999975,-8.54248,-6.360582,-15.58848,-8.844529
-1.549997,0,0,0,0
-0.1999976,0,0,0,0
1.900002,2.006725,1.693115,6.271014,5.290983
1.900002,5.142231,4.338607,6.271014,5.290983
4.600004,8.277735,6.9841,6.271014,5.290983
6.5,6.333724,3.975881,-15.67753,-7.863729
2.599998,-1.818593,-0.1132568,-15.67753,-7.863729
-1.150002,-9.657358,-4.04512,-15.67753,-7.863729
-3.850003,-2.445694,-6.168324,15.67753,-3.931864
-3.850003,5.393073,-5.849687,15.67753,4.931864
-3.850003,6.960825,-3.827625,-15.67753,2.465932
-3.850003,-1.191491,-2.545342,-15.67753,2.465932
-3.850003,-9.030256,-1.312377,-15.67753,2.465932
-2.200002,-3.072795,-0.5972565,15.67753,1.232966
-1.900002,4.765972,0.01922674,15.67753,1.232966
0.04999736,0,0,0,0
0.7999973,0,0,0,0
1.549997,0.4307061,-0.3569066,7.178435,-5.948444
2.599998,4.019925,-3.331129,7.178435,-5.948444
-1.300002,7.752706,-6.424322,7.178435,-5.948444
-5.050004,0,0,0,0
-6.400005,0,0,0,0
-3.250003,0.4430789,-0.367577,7.384649,-6.126284
-0.4000024,4.135402,-3.430719,7.384649,-6.126284
-4.000003,7.827731,-6.493861,7.384649,-6.126284
-6.5,6.055412,-3.919664,-18.46162,8.907855
-3.649998,-3.1754,0.5342631,-18.46162,8.907855
-2.149997,0,0,0,0
-2.149997,0,0,0,0
-2.149997,-0.1382137,0.1255111,-6.910684,6.275553
-2.149997,-3.731769,3.3888,-6.910684,6.275553
-2.149997,-7.187109,6.526579,-6.910684,6.275553
-2.149997,-8.431038,4.118402,17.27671,-9.094441
-2.149997,0.2073194,-0.4288189,17.27671,-9.094441
-4.849999,8.845676,-4.976038,17.27671,-9.094441
-6.5,2.280524,-6.62398,-17.27671,5.547221
-2.749998,-6.357832,-3.850372,-17.27671,5.547221
-1.549997,-4.975695,-1.742428,17.27671,2.77361
-1.849997,3.662662,-0.3556221,17.27671,2.77361
1.000002,7.463539,0.8647665,-17.27671,1.386805
1.750002,-1.174818,1.558169,-17.27671,1.386805
1.450002,-9.813175,2.251571,-17.27671,1.386805
0.2500026,-1.865886,2.62601,17.27671,0.6934026
1.300002,6.772471,2.972712,17.27671,0.6934026
4.600004,4.35373,3.215402,-17.27671,0.3467013
2.200002,-4.284626,3.38875,-17.27671,0.3467013
1.600002,-7.394435,3.537831,17.27671,0.1733506
1.600002,1.243922,3.624508,17.27671,0.1733506
2.650002,9.882279,3.711185,17.27671,0.1733506
4.900004,1.243922,3.756257,-17.27671,0.08667532
4.900004,-7.73997,3.801329,-17.27671,0.08667532
4.150003,-3.939092,3.82993,17.27671,0.04333766
4.150003,4.699265,3.851597,17.27671,0.04333766
4.450004,6.426936,3.869364,-17.27671,0.02166883
4.150003,-2.211421,3.8802,-17.27671,0.02166883
6.250005,-9.467641,3.89082,17.27671,0.01083442
6.250005,-0.8292832,3.896238,17.27671,0.01083442
5.500004,7.809074,3.901656,17.27671,0.01083442
2.500002,2.971593,3.905229,-17.27671,0.005417208
5.500004,-5.666764,3.907935,-17.27671,0.005417208
6.5,-5.666763,3.9101,17.27671,0.002708604
6.5,2.971593,3.911453,17.27671,0.002708604
4.999999,0,0,0,0
4.549999,0,0,0,0
3.649998,0,0,0,0
0.6499975,3.632891,3.510119,6.986328,6.750232
0.9499974,7.126057,6.885232,6.986328,6.750232
2.899998,10.82881,4.943908,17.46582,28.4378
3.649998,0,0,0,0
1.999997,0,0,0,0
1.999997,-3.010309,2.799487,-6.544149,6.085842
1.999997,-6.282387,5.842409,-6.544149,6.085842
1.999997,-9.554467,5.217258,-6.544149,-7.085842
-0.5500024,-2.944875,0.9303247,16.36037,-8.857303
-1.600002,5.235312,-3.498326,16.36037,-8.857303
-5.350004,0,0,0,0
-3.550003,0,0,0,0
0.3499976,0.8873219,-0.7931088,7.394349,-6.60924
-0.5500023,4.584496,-4.097728,7.394349,-6.60924
-4.300004,8.281665,-6.853612,7.394349,7.60924
-5.200004,4.954208,-2.55439,-18.48587,9.511549
-1.300002,-4.658445,2.391616,-18.48587,9.511549
1.549997,0,0,0,0
3.049998,0,0,0,0
0.9499977,-0.7714944,0.7140635,-6.429121,5.95053
0.1999978,-3.986055,3.689329,-6.429121,5.95053
0.1999978,-7.3292,6.783602,-6.429121,5.95053
0.04999778,-8.486437,3.963392,16.0728,-8.688162
-2.950003,-0.4500379,-0.3806892,16.0728,-8.688162
-4.450004,7.586361,-4.724771,16.0728,-8.688162
-6.5,4.693258,-6.536167,-16.0728,5.344081
-3.949998,-3.343141,-3.864126,-16.0728,5.344081
-1.699997,-8.807893,-1.352408,16.0728,2.67204
-1.699997,-0.7714939,-0.01638794,16.0728,2.67204
0.1000025,7.586361,1.373073,16.0728,2.67204
3.850003,4.693258,2.281568,-16.0728,1.33602
3.850003,-3.343141,2.949581,-16.0728,1.33602
2.650003,-8.807893,3.577513,16.0728,0.6680101
3.400003,-0.7714939,3.91152,16.0728,0.6680101
3.400003,7.264905,4.245522,16.0728,0.6680101
5.950005,5.014714,4.479322,-16.0728,0.3340051
4.300004,-3.021685,4.646323,-16.0728,0.3340051
3.100003,-9.129349,4.806643,16.0728,0.1670025
3.100003,-1.09295,4.89015,16.0728,0.1670025
5.650004,7.264905,4.976996,16.0728,0.1670025
6.100005,5.014714,5.035447,-16.0728,0.08350126
5.050004,-3.021685,5.077194,-16.0728,0.08350126
5.050004,-9.129349,5.117271,16.0728,0.04175063
4.150003,-0.7714939,5.138979,16.0728,0.04175063
3.850003,7.264905,5.159853,16.0728,0.04175063
3.850003,0,0,0,0
3.850003,0,0,0,0
3.850003,1.362473,1.346298,6.193061,6.119536
3.850003,4.459005,4.406066,6.193061,6.119536
5.500004,7.555538,6.956272,6.193061,-7.119535
2.500002,8.236775,3.218516,-15.48265,-8.89942
2.500002,0.1857931,-1.409182,-15.48265,-8.89942
2.500002,-7.555536,-5.858892,-15.48265,-8.89942
1.000002,0,0,0,0
1.000002,0,0,0,0
1.000002,1.502519,-1.471197,6.829634,-6.687257
2.200002,4.917336,-4.814826,6.829634,-6.687257
-1.699997,8.468751,-5.724788,6.829634,7.687257
-5.449999,5.395416,-1.381489,-17.07409,9.609071
-3.349998,-3.141626,3.423046,-17.07409,9.609071
-1.849997,0,0,0,0
-1.399997,0,0,0,0
-2.599998,0.1346754,-0.1146343,6.733772,-5.731718
-5.449999,3.501562,-2.980493,6.733772,-5.731718
-6.65,6.868449,-5.846354,6.733772,-5.731718
-6.5,9.494615,-5.208792,-16.83443,8.414646
-3.049998,1.0774,-1.001467,-16.83443,8.414646
0.4000024,-7.339814,3.205856,-16.83443,8.414646
0.4000024,-4.309618,6.066837,16.83443,4.207323
2.200002,4.444284,5.826837,16.83443,-5.207323
3.250003,0,0,0,0
3.700003,0,0,0,0
3.700003,0.4164404,-0.3053519,6.940672,-5.089199
2.950003,3.886777,-2.849952,6.940672,-5.089199
-0.7999973,7.357115,-5.394548,6.940672,-5.089199
-4.699999,10.96626,-6.048814,6.940672,6.089199
-6.5,0,0,0,0
-6.5,0,0,0,0
-6.5,-3.018675,2.125816,-7.546687,5.314539
-6.5,-6.792018,4.783086,-7.546687,5.314539
-6.5,-8.678683,6.968621,18.86672,-7.643174
-4.699999,0.7546731,3.147033,18.86672,-7.643174
-0.9499974,10.18803,-0.6745541,18.86672,-7.643174
0.8500023,0.7546728,-2.66178,-18.86672,-3.821587
0.7000024,-8.678683,-4.572573,-18.86672,-3.821587
-3.049998,-2.264002,-5.719045,18.86672,-1.910793
-5.299999,7.169355,-6.674436,18.86672,-1.910793
-4.849999,0,0.28,0,1
-3.649998,0,0.7799998,0,1
-0.04999754,1.807931,-0.2734424,6.456897,-4.548007
-2.599998,5.165519,-2.638405,6.456897,-4.548007
-3.649998,8.393969,-4.912406,6.456897,-4.548007
-6.65,5.940349,-6.737089,-16.14224,6.685009
-6.5,-2.130772,-3.394581,-16.14224,6.685009
-2.899998,-9.556204,-0.05207682,16.14224,3.342505
0.8500023,-1.485083,1.619175,16.14224,3.342505
1.300002,6.586039,3.290429,16.14224,3.342505
5.050004,5.617504,4.527154,-16.14224,1.671252
5.050004,-2.453617,5.362776,-16.14224,1.671252
2.350002,-9.233359,6.181685,16.14224,0.8356262
2.500002,-0.8393931,6.616214,16.14224,0.8356262
6.250005,7.231729,7.034031,16.14224,0.8356262
6.5,4.971814,6.923455,-16.14224,-0.5
5.149999,-3.099307,6.673449,-16.14224,-0.5
3.949998,-8.58767,6.438444,16.14224,-0.25
3.199998,-0.5165483,6.313441,16.14224,-0.25
4.549999,7.877419,6.183438,16.14224,-0.25
6.2,4.326124,6.100936,-16.14224,-0.125
4.399999,-3.744996,6.038435,-16.14224,-0.125
4.399999,-7.941981,5.982184,16.14224,-0.0625
3.649998,0.1291414,5.95094,16.14224,-0.0625
3.799998,8.200264,5.919695,16.14224,-0.0625
6.5,0,0,0,0
3.949998,0,0,0,0
0.1999975,-1.545196,1.014921,-7.725982,5.074606
0.04999754,-5.562706,3.653718,-7.725982,5.074606
3.199998,-9.425699,6.191017,-7.725982,5.074606
2.149997,-1.622458,4.901465,19.31495,-7.343258
1.249997,8.03502,1.229835,19.31495,-7.343258
-2.500003,1.467935,-1.19344,-19.31495,-3.671629
-2.200002,-8.189543,-3.029255,-19.31495,-3.671629
-2.050002,-2.395056,-4.167461,19.31495,-1.835814
-2.050002,7.262422,-5.085372,19.31495,-1.835814
-2.050002,0,0,0,0
-3.550003,0,0,0,0
-0.2500026,1.947198,1.319136,7.489221,5.073599
2.149997,5.841593,3.957406,7.489221,5.073599
5.149999,9.586203,6.494204,7.489221,5.073599
6.5,1.162828,2.598566,-19.47086,-11.80983
2.899998,-8.572599,-3.306351,-19.47086,-11.80983
1.399997,0,0,0,0
1.399997,0,0,0,0
1.399997,-2.500926,1.719903,-7.355663,5.058536
2.749998,-6.178759,4.249171,-7.355663,5.058536
3.799998,-9.709474,6.879605,18.38916,6.32317
1.699997,-0.5148944,3.783874,18.38916,-7.32317
-0.1000025,8.679684,0.1222892,18.38916,-7.32317
-2.950003,2.427371,-2.074662,-18.38916,-3.661585
-1.450002,-6.767207,-3.905454,-18.38916,-3.661585
-2.800003,-4.192726,-5.187009,18.38916,-1.830793
-5.200004,5.369636,-6.139021,18.38916,-1.830793
-6.65,5.737419,-6.853027,-18.38916,-0.9153963
-4.549999,-3.457159,-6.87081,-18.38916,0.9999999
-2.149997,-7.502773,-6.430809,18.38916,0.5
-2.449997,1.691805,-6.180803,18.38916,0.5
-6.2,9.415251,-5.935797,-18.38916,0.25
-6.5,0.220672,-5.810794,-18.38916,0.25
-3.199998,-8.973907,-5.685791,-18.38916,0.25
-2.749998,-1.986027,-5.61329,18.38916,0.125
-2.749998,7.576334,-5.548288,18.38916,0.125
-6.2,0,0,0,0
-3.049998,0,0,0,0
-0.4999975,1.933374,-1.667792,7.436054,-6.414585
-3.649998,5.651402,-4.875083,7.436054,-6.414585
-5.149999,9.369428,-6.166291,7.436054,7.414585
-3.349998,2.379537,-1.717539,-18.59013,9.26823
-3.349998,-6.91553,2.916577,-18.59013,9.26823
-3.499998,0,0,0,0
-1.999997,0,0,0,0
-1.399997,-1.633796,1.779913,-6.283833,6.845818
-2.449997,-4.775712,5.202821,-6.283833,6.845818
-3.049998,-7.917628,5.707402,-6.283833,-7.845818
-5.75,-7.28925,1.470662,15.70958,-9.807272
-5.75,0.5655416,-3.432975,15.70958,-9.807272
-5.75,8.420335,-5.882866,15.70958,10.80727
-2.599998,3.393266,-2.424538,-15.70958,5.403636
-1.099997,-4.461524,0.2772803,-15.70958,5.403636
1.300002,-7.917634,2.654881,15.70958,2.701818
3.250003,-0.06284159,4.00579,15.70958,2.701818
4.450004,7.791951,5.356693,15.70958,2.701818
6.5,4.335841,6.24829,-15.70958,1.350909
4.099998,-3.518949,6.923741,-15.70958,1.350909
1.849997,-8.860209,6.431106,15.70958,-1.175454
1.849997,-1.005416,5.84338,15.70958,-1.175454
2.299997,7.163568,5.232146,15.70958,-1.175454
6.05,8.156104,5.125613,-5.734976,-13.25242
6.2,5.173921,-1.765647,-5.734976,-13.25242
6.2,2.306433,-6.211472,-5.734976,14.25242
6.2,-0.5610549,0.91474,-5.734976,14.25242
6.2,-3.428544,6.290661,-5.734976,-15.25242
6.2,-6.296029,-1.335551,-5.734976,-15.25242
6.2,-9.163513,-5.20118,-5.734976,16.25242
4.399999,-7.90182,0.1621189,5.734976,8.126211
0.9499974,-5.034336,4.225224,5.734976,8.126211
0.9499974,-2.052149,5.710467,5.734976,-9.126211
0.9499974,0.8153389,1.147362,5.734976,-9.126211
0.9499974,3.682828,-3.415744,5.734976,-9.126211
0.04999754,6.550313,-6.458655,5.734976,10.12621
-0.4000024,9.417797,-1.395551,5.734976,10.12621
1.249997,7.467908,1.642312,-5.734976,5.063106
1.249997,4.600424,4.173865,-5.734976,5.063106
1.249997,1.732935,6.705417,-5.734976,5.063106
1.249997,-1.134552,4.806486,-5.734976,-6.063106
1.249997,-4.116741,1.653672,-5.734976,-6.063106
1.249997,-6.984225,-1.37788,-5.734976,-6.063106
1.249997,-9.851709,-4.409432,-5.734976,-6.063106
-0.1000025,-7.213624,-6.046476,5.734976,-3.031553
-2.050002,-4.34614,-6.59342,5.734976,4.031553
-2.050002,-1.478651,-4.577639,5.734976,4.031553
-2.050002,1.388836,-2.561862,5.734976,4.031553
-2.050002,4.256325,-0.5460857,5.734976,4.031553
0.3499973,7.238509,1.550322,5.734976,4.031553
3.199998,9.647196,3.525782,-5.734976,2.015776
6.65,6.779712,4.533672,-5.734976,2.015776
6.5,3.912227,5.541563,-5.734976,2.015776
3.049998,1.044738,6.549454,-5.734976,2.015776
-0.7000024,-1.822749,6.571032,-5.734976,-3.015776
-3.850003,-4.690238,5.063142,-5.734976,-3.015776
-0.8500025,-7.672421,3.494936,-5.734976,-3.015776
2.899998,-9.392912,2.107677,5.734976,-1.507888
3.349998,-6.525428,1.353732,5.734976,-1.507888
0.7999974,-3.543243,0.5696298,5.734976,-1.507888
-2.950003,-0.6757548,-0.1843143,5.734976,-1.507888
-4.450004,2.191733,-0.9382582,5.734976,-1.507888
-4.450004,5.059221,-1.692203,5.734976,-1.507888
-5.500004,7.926705,-2.446148,5.734976,-1.507888
-3.550003,10.42346,-1.769948,2.645554,8.922843
-1.150002,0,0,0,0
-1.150002,0,0,0,0
-1.750002,-0.3163142,0.275821,-7.907856,6.895525
1.999997,-4.270242,3.723585,-7.907856,6.895525
2.599998,-8.224175,7.171344,-7.907856,6.895525
-1.150002,-4.665643,2.730374,19.76964,-9.869407
-3.100003,5.219175,-2.20433,19.76964,-9.869407
-6.65,4.42839,-6.053396,-19.76964,-4.934703
-6.05,-5.456429,-5.497309,-19.76964,5.934703
-2.299997,-5.061036,-3.242117,19.76964,2.967352
-1.999997,4.823782,-1.758439,19.76964,2.967352
-1.999997,5.219175,-0.601172,-19.76964,1.483676
-1.999997,-4.665643,0.1406659,-19.76964,1.483676
-1.849997,-5.851822,0.7341365,19.76964,0.7418379
-0.4999975,4.42839,1.119893,19.76964,0.7418379
2.350003,5.614568,1.416629,-19.76964,0.370919
1.750002,-4.27025,1.602089,-19.76964,0.370919
-0.3499973,-6.247215,1.754166,19.76964,0.1854595
-0.3499973,3.637604,1.846896,19.76964,0.1854595
2.650003,6.405354,1.924788,-19.76964,0.09272974
3.250003,-3.479465,1.971152,-19.76964,0.09272974
1.900002,-6.642608,2.011951,19.76964,0.04636487
0.7000026,3.242211,2.035132,19.76964,0.04636487
2.500003,6.800747,2.055068,-19.76964,0.02318243
1.600002,-3.874858,2.067588,-19.76964,0.02318243
0.7000026,-6.642608,2.077325,19.76964,0.01159122
-0.3499973,3.637604,2.083351,19.76964,0.01159122
2.350003,6.405354,2.088217,-19.76964,0.005795609
1.450002,-3.479465,2.091114,-19.76964,0.005795609
0.2500026,-6.642608,2.093663,19.76964,0.002897804
0.2500026,3.242211,2.095112,19.76964,0.002897804
1.900002,9.235777,4.629408,-4.550707,14.07395
3.100003,6.960429,2.359055,-4.550707,-15.07395
3.100003,4.685081,-5.177922,-4.550707,-15.07395
3.100003,2.318715,-1.200174,-4.550707,16.07395
3.100003,0.04336171,6.836801,-4.550707,16.07395
3.100003,-2.231992,-1.017219,-4.550707,-17.07395
3.100003,-4.507344,-4.653489,-4.550707,18.07395
3.100003,-6.782692,4.383488,-4.550707,18.07395
3.100003,-9.05804,0.8101766,-4.550707,-19.07395
3.100003,-11.33339,-5.614968,-4.550707,20.07395
1.450002,0,0,0,0
-1.249997,0,0,0,0
-1.249997,-2.727509,2.549819,-6.198885,5.795043
-1.249997,-5.826951,5.44734,-6.198885,5.795043
-1.249997,-8.926393,5.846846,-6.198885,-6.795043
-3.199998,-4.83513,1.905719,15.49721,-8.493803
-5.449999,2.913476,-2.341182,15.49721,-8.493803
-5.449999,9.422303,-6.503147,-15.49721,-4.246902
-5.449999,1.673699,-5.228828,-15.49721,5.246902
-4.249999,-6.074906,-2.605378,-15.49721,5.246902
-1.099997,-6.384851,-0.5590861,15.49721,2.623451
-1.099997,1.363755,0.7526393,15.49721,2.623451
0.8500023,9.422303,2.116834,15.49721,2.623451
4.600004,2.913476,2.851402,-15.49721,1.311725
4.450004,-4.835129,3.507268,-15.49721,1.311725
2.950003,-7.624627,4.071312,15.49721,0.6558627
2.950003,0.1239775,4.399245,15.49721,0.6558627
2.950003,7.872582,4.727178,15.49721,0.6558627
6.400005,3.843308,4.956727,-15.49721,0.3279313
3.100003,-3.905297,5.120687,-15.49721,0.3279313
3.100003,-8.55446,5.271531,15.49721,0.1639657
3.100003,-0.8058553,5.353511,15.49721,0.1639657
3.100003,6.94275,5.435491,15.49721,0.1639657
6.550005,5.393029,5.49452,-15.49721,0.08198284
3.949998,-2.66552,5.537156,-15.49721,0.08198284
3.949998,-9.794236,5.578152,15.49721,0.04099142
3.499998,-2.045632,5.598644,15.49721,0.04099142
3.499998,5.702973,5.619136,15.49721,0.04099142
6.2,6.182068,6.833876,-16.08385,-7.795918
6.5,-1.859855,2.935921,-16.08385,-7.795918
4.249999,-9.901777,-0.962038,-16.08385,-7.795918
0.4999975,-1.859855,-2.988975,16.08385,-3.897959
-3.250003,6.182067,-4.937952,16.08385,-3.897959
-6.65,5.860391,-6.419174,-16.08385,-1.948979
-6.05,-2.181532,-6.727949,-16.08385,2.948979
-2.449997,-9.5801,-5.253461,16.08385,1.47449
-2.449997,-1.538178,-4.516211,16.08385,1.47449
-2.449997,6.825421,-3.749473,16.08385,1.47449
-3.949998,0,0,0,0
-2.749998,0,0,0,0
-0.9499974,1.413574,-1.083413,7.853192,-6.018961
-0.9499974,5.34017,-4.092894,7.853192,-6.018961
-2.899998,9.266765,-7.10238,7.853192,-6.018961
-6.05,0,0,0,0
-2.449997,0,0,0,0
-0.04999754,1.286496,-1.197199,6.43248,-5.985997
-2.749998,4.502738,-4.190199,6.43248,-5.985997
-3.949998,7.718981,-7.183198,6.43248,-5.985997
-6.35,7.52601,-3.46569,-16.0812,8.732496
-5.9,-0.5145888,0.9005585,-16.0812,8.732496
-4.249999,-8.555186,5.266806,-16.0812,8.732496
-1.249997,0,0,0,0
-2.449997,0,0,0,0
-2.449997,2.160422,-1.890558,7.201407,-6.301861
-2.449997,5.761127,-5.041487,7.201407,-6.301861
-3.649998,9.505855,-5.889784,7.201407,7.301861
-6.5,-7.216487,-2.869192,-40.08043,15.03952
-4.399999,0,0,0,0
-2.149997,0,0,0,0
-2.149997,-2.492976,2.347806,-6.23244,5.869514
-2.149997,-5.6092,5.282559,-6.23244,5.869514
-2.149997,-8.725426,5.944291,-6.23244,-6.869514
-2.299997,-5.48456,2.028669,15.5811,-8.586892
-3.649998,2.617614,-2.436515,15.5811,-8.586892
-6.05,9.784921,-6.729959,-15.5811,-4.293446
-6.5,1.99437,-5.061926,-15.5811,5.293446
-3.949998,-5.796182,-2.415206,-15.5811,5.293446
-1.699997,-6.731048,-0.2978276,15.5811,2.646723
-1.099997,1.059504,1.025534,15.5811,2.646723
1.150002,8.850056,2.348894,15.5811,2.646723
4.300004,3.240858,3.16938,-15.5811,1.323362
2.950003,-4.549694,3.831063,-15.5811,1.323362
2.950003,-7.977537,4.413344,15.5811,0.6616808
2.950003,-0.1869838,4.744186,15.5811,0.6616808
3.100003,7.915191,5.088261,15.5811,0.6616808
6.5,4.487347,5.306612,-15.5811,0.3308404
4.099998,-3.303205,5.472027,-15.5811,0.3308404
3.349998,-9.224024,5.630826,15.5811,0.1654202
3.349998,-1.433472,5.713533,15.5811,0.1654202
3.349998,6.35708,5.79624,15.5811,0.1654202
6.5,5.733835,5.860752,-15.5811,0.08271009
3.799998,-2.056717,5.902106,-15.5811,0.08271009
3.649998,-9.847267,5.94346,-15.5811,0.08271009
3.649998,-2.67996,5.965796,15.5811,0.04135505
3.649998,5.110591,5.986479,15.5811,0.04135505
6.2,7.291946,6.00385,-15.5811,0.02067752
5.599999,-0.4986066,6.014186,-15.5811,0.02067752
4.099998,-8.289159,6.024521,-15.5811,0.02067752
4.099998,-4.238071,6.03114,15.5811,0.01033876
4.099998,3.552481,6.036314,15.5811,0.01033876
5.449999,8.766155,6.179472,-16.62985,1.388123
5.75,0.1186362,6.901295,-16.62985,1.388123
3.949998,-8.196286,6.406958,-16.62985,-2.388123
2.749998,-3.207334,5.666636,16.62985,-1.194062
2.599998,5.107591,5.069601,16.62985,-1.194062
4.699999,0,0,0,0
3.949998,0,0,0,0
0.1999975,-0.7787694,0.5843185,-7.787694,5.843184
-1.450002,-4.672617,3.505911,-7.787694,5.843184
-1.450002,-8.722223,6.544368,-7.787694,5.843184
-1.450002,-3.582348,3.863958,19.46923,-8.553981
-1.450002,6.15227,-0.4130328,19.46923,-8.553981
-4.450004,4.205346,-3.492466,-19.46923,-4.27699
-5.350004,-5.529272,-5.630961,-19.46923,-4.27699
-6.400005,-5.139887,-6.854059,19.46923,3.138495
-6.400005,4.594731,-5.284811,19.46923,3.138495
-3.550003,5.762885,-4.029414,-19.46923,1.569248
-2.800003,-3.971733,-3.24479,-19.46923,1.569248
-2.800003,-6.308041,-2.570014,19.46923,0.7846238
-1.600002,3.426577,-2.177702,19.46923,0.7846238
-1.600002,6.931039,-1.840314,-19.46923,0.3923119
-0.1000024,-2.803579,-1.644158,-19.46923,0.3923119
-0.1000024,-7.86558,-1.467617,19.46923,0.196156
-0.1000024,1.869038,-1.369538,19.46923,0.196156
-0.1000024,8.099103,-1.290709,-19.47013,-0.02965295
-0.1000024,-1.635965,-1.305536,-19.47013,-0.02965295
-0.1000024,-9.034617,-1.31977,19.47013,-0.01482648
-0.1000024,0.7004503,-1.327181,19.47013,-0.01482648
-0.1000024,9.804428,-1.63962,-12.08434,-7.633068
-0.1000024,3.762258,-5.456153,-12.08434,-7.633068
-0.1000024,-2.279914,-4.738169,-12.08434,8.633067
-0.1000024,-8.322085,-0.4216366,-12.08434,8.633067
-0.1000024,-5.66353,2.427275,12.08434,4.316534
0.9499975,0.3786411,4.585543,12.08434,4.316534
4.849999,6.662499,6.830146,12.08434,4.316534
6.5,7.38756,5.494176,-12.08434,-2.658267
3.199998,1.345389,4.16504,-12.08434,-2.658267
1.399997,-4.696783,2.835904,-12.08434,-2.658267
1.399997,-9.288833,1.559935,12.08434,-1.329133
-0.8500023,-3.246662,0.8953669,12.08434,-1.329133
-1.750002,2.79551,0.2308004,12.08434,-1.329133
-2.200002,9.079368,-0.4603489,12.08434,-1.329133
0.1999974,0,0,0,0
-2.200002,0,0,0,0
-0.5500026,1.748829,1.67112,6.245818,5.968287
-1.450002,4.871738,4.655262,6.245818,5.968287
2.299997,7.994652,6.624479,6.245818,-6.968287
2.899998,11.51772,5.924315,9.456054,10.69905
3.349998,0,0,0,0
1.399997,0,0,0,0
0.04999754,2.98591,-2.43017,6.220645,-5.062856
0.04999754,6.096236,-4.9616,6.220645,-5.062856
-3.700003,9.330969,-6.501717,6.220645,6.062856
-6.65,4.309052,-2.924633,-15.55161,7.578569
-6.5,-3.466755,0.864651,-15.55161,7.578569
-4.999999,-8.754304,4.426577,15.55161,3.789285
-1.099997,-0.6674644,6.397004,15.55161,3.789285
2.650003,7.108343,5.738076,15.55161,-4.789285
6.100005,4.931116,4.061824,-15.55161,-2.394642
5.050004,-3.155723,2.816611,-15.55161,-2.394642
1.300002,-9.065336,1.667183,15.55161,-1.197321
-0.3499976,-1.289529,1.068523,15.55161,-1.197321
-0.9499975,6.79731,0.4459164,15.55161,-1.197321
-0.9499975,5.242148,0.01488074,-15.55161,-0.5986606
-2.599998,-2.533659,-0.2844496,-15.55161,-0.5986606
-2.599998,-9.687401,-0.5837796,15.55161,-0.2993303
-2.599998,-1.911593,-0.7334454,15.55161,-0.2993303
-2.599998,5.864213,-0.8831112,15.55161,-0.2993303
-2.599998,0,0,0,0
-1.099998,0,0,0,0
-1.099998,0.9951036,0.9449039,7.107882,6.749313
-0.04999778,4.549044,4.31956,7.107882,6.749313
3.700003,8.102983,6.554328,7.107882,-7.749313
3.850003,5.899538,2.253459,-17.7697,-9.686642
3.850003,-2.985314,-2.589862,-17.7697,-9.686642
2.050002,0,0.02,0,1
-0.1999976,0,0.52,0,1
0.2500024,0.1314646,0.9014289,6.573229,-4.928534
1.300002,3.549543,-1.661409,6.573229,-4.928534
-2.449998,6.836155,-4.125675,6.573229,-4.928534
-4.399999,10.12278,-6.589945,6.573229,-4.928534
-6.5,0,0,0,0
-2.749998,0,0,0,0
-1.549997,2.078331,2.079623,6.92777,6.932077
1.600002,5.542216,5.54566,6.92777,6.932077
2.200002,9.006104,5.167019,6.92777,-7.932077
5.950005,3.602444,0.3284529,-17.31942,-9.915096
5.950005,-5.057266,-4.629096,-17.31942,-9.915096
2.650002,0,0,0,0
0.5500023,0,0,0,0
0.5500023,-0.7381695,0.6682494,-7.381695,6.682494
0.5500023,-4.429016,4.009495,-7.381695,6.682494
0.5500023,-8.119866,7.083441,-7.381695,-6.682494
-1.549997,-5.314819,2.781245,18.45424,-9.603117
-2.149997,3.9123,-2.020314,18.45424,-9.603117
-5.449999,7.234064,-6.149654,-18.45424,-4.801558
-6.5,-2.362141,-5.273468,-18.45424,5.801558
-4.249999,-8.267498,-2.488719,18.45424,2.900779
-1.849997,0.9596219,-1.03833,18.45424,2.900779
-0.3499975,10.18674,0.4120598,18.45424,2.900779
3.100003,0.5905371,1.19527,-18.45424,1.45039
1.150002,-8.636582,1.920465,-18.45424,1.45039
1.150002,-2.362141,2.355583,18.45424,0.7251948
1.150002,6.864979,2.718182,18.45424,0.7251948
4.600004,4.281385,2.972001,-18.45424,0.3625974
2.050002,-4.945735,3.153301,-18.45424,0.3625974
1.450002,-6.052989,3.298339,18.45424,0.1812987
1.450002,3.543216,3.392612,18.45424,0.1812987
3.700003,7.603148,3.472381,-18.45424,0.09064935
4.600004,-1.623971,3.517704,-18.45424,0.09064935
1.300002,-9.005667,3.563028,18.45424,0.04532468
1.300002,0.2214524,3.585689,18.45424,0.04532468
1.900002,9.448571,3.608351,18.45424,0.04532468
4.600004,0,0,0,0
1.600002,0,0,0,0
-1.699997,-2.944201,2.554264,-7.360503,6.38566
-1.699997,-6.624454,5.747094,-7.360503,6.38566
-1.699997,-8.979816,5.030098,18.40126,-9.232075
-3.199998,0.5888377,0.2294192,18.40126,-9.232075
-4.699999,9.789466,-4.386619,18.40126,-9.232075
-6.5,1.324888,-6.879282,-18.40126,-4.616037
-4.399999,-7.875742,-4.705185,-18.40126,5.616037
-1.549997,-3.091413,-2.908051,18.40126,2.808019
-1.549997,6.109215,-1.504041,18.40126,2.808019
0.4000024,5.005139,-0.4650747,-18.40126,1.404009
-0.6499975,-4.195489,0.23693,-18.40126,1.404009
0.5500024,-6.40364,0.8406541,18.40126,0.7020047
1.000002,2.796988,1.191657,18.40126,0.7020047
1.000002,8.317367,1.514579,-18.40126,0.3510023
0.7000024,-1.251288,1.697099,-18.40126,0.3510023
1.450002,-9.715866,1.872599,18.40126,0.1755012
0.5500026,-0.5152377,1.960349,18.40126,0.1755012
0.8500025,8.685391,2.048099,18.40126,0.1755012
3.400003,2.428963,2.100749,-18.40126,0.08775058
1.750002,-6.771666,2.144624,-18.40126,0.08775058
0.4000026,-4.195488,2.175338,18.40126,0.04387529
0.4000026,5.373165,2.198156,18.40126,0.04387529
3.100003,5.741189,2.215269,-18.40126,0.02193765
2.200002,-3.459439,2.226236,-18.40126,0.02193765
0.8500025,-7.507716,2.235887,18.40126,0.01096882
-0.04999736,1.692913,2.241371,18.40126,0.01096882
1.600002,9.421441,2.246745,-18.40126,0.005484411
2.350003,0.2208124,2.249486,-18.40126,0.005484411
0.2500026,-8.979816,2.252228,-18.40126,0.005484411
0.2500026,-1.987338,2.253819,18.40126,0.002742206
0.2500026,7.213291,2.255189,18.40126,0.002742206
3.400003,3.901063,2.256122,-18.40126,0.001371103
1.000003,-5.299565,2.256807,-18.40126,0.001371103
1.000003,-5.299564,2.257357,18.40126,0.0006855514
-0.3499973,3.901063,2.257703,18.40126,0.0006855514
2.500003,7.213291,2.258,-18.40126,0.0003427757
1.750002,-1.987338,2.258173,-18.40126,0.0003427757
0.4000026,-8.979816,2.258338,18.40126,0.0001713879
0.4000026,0.2208126,2.258422,18.40126,0.0001713879
0.8500025,9.421441,2.258505,18.40126,0.0001713879
3.400003,1.692913,2.258552,-18.40126,8.569393E-05
0.2500026,-7.875742,2.258595,-18.40126,8.569393E-05
3.250003,-3.091413,2.258624,18.40126,4.284696E-05
3.700003,6.109215,2.258648,18.40126,4.284696E-05
1.300002,4.637114,2.258666,-18.40126,2.142348E-05
2.650003,-4.563514,2.258678,-18.40126,2.142348E-05
3.700003,-6.40364,2.258688,18.40126,1.071174E-05
4.000003,2.796988,2.258694,18.40126,1.071174E-05
2.050002,8.317367,2.258699,-18.40126,5.355871E-06
1.000002,-0.883263,2.258699,-18.40126,5.355871E-06
1.000002,-10.08389,2.258699,-18.40126,5.355871E-06
0.2500024,-0.5152377,2.258699,18.40126,2.677935E-06
0.4000024,8.685391,2.258699,18.40126,2.677935E-06
2.950003,0,0,0,0
-0.1999976,0,0,0,0
-1.699997,-2.002379,1.677273,-6.257434,5.24148
-1.699997,-5.131098,4.298013,-6.257434,5.24148
-1.699997,-8.259817,6.918757,-6.257434,5.24148
-1.699997,-6.320011,3.934054,15.64359,-7.80185
-1.699997,1.501783,0.03312835,15.64359,-7.80185
-4.099998,9.636452,-4.023834,15.64359,-7.80185
-6.05,2.440398,-6.130337,-15.64359,-3.900925
-5.599999,-5.381395,-5.988356,-15.64359,4.900925
-3.949998,-6.945755,-3.978974,15.64359,2.450462
-3.949998,0.8760396,-2.753741,15.64359,2.450462
-3.199998,8.697836,-1.528509,15.64359,2.450462
0.4000024,3.803055,1.964834,-14.63398,7.493878
-0.1999975,-3.806613,5.86165,-14.63398,7.493878
-3.949998,-8.782163,4.767323,14.63398,-4.246939
-2.749998,-1.465177,2.643852,14.63398,-4.246939
-2.449997,6.144489,0.4354444,14.63398,-4.246939
0.2500024,6.437169,-1.220862,-14.63398,-2.12347
0.5500024,-0.8798173,-2.282597,-14.63398,-2.12347
0.5500024,-8.196803,-3.344335,-14.63398,-2.12347
-0.4999975,-4.391972,-4.023846,14.63398,-1.061735
-3.049998,2.925016,-4.554709,14.63398,-1.061735
-4.549999,9.656644,-5.085572,-14.63398,-0.5308674
-6.5,2.046978,-5.36162,-14.63398,-0.5308674
-6.5,-5.27001,-5.627052,-14.63398,-0.5308674
-6.65,-7.318765,-5.850014,14.63398,-0.2654337
-5.299999,0.2909002,-5.988039,14.63398,-0.2654337
-5.149999,7.900565,-6.126063,14.63398,-0.2654337
-5.149999,4.681093,-6.213659,-14.63398,-0.1327168
-5.149999,-2.635895,-6.280023,-14.63398,-0.1327168
-5.149999,-9.952882,-6.346387,-14.63398,-0.1327168
-5.149999,-2.635895,-6.38089,14.63398,-0.06635842
-4.399999,4.681093,-6.414066,14.63398,-0.06635842
-6.65,7.900566,-6.443263,-14.63398,-0.03317921
-4.999999,0.5835801,-6.459857,-14.63398,-0.03317921
-4.249999,-6.733406,-6.47645,-14.63398,-0.03317921
-4.249999,-5.562689,-6.489062,14.63398,-0.01658961
-4.249999,1.754298,-6.497359,14.63398,-0.01658961
-5.299999,9.071284,-6.505656,14.63398,-0.01658961
-5.9,3.217696,-6.510634,-14.63398,-0.008294803
-4.549999,-4.099292,-6.514782,-14.63398,-0.008294803
-4.549999,-8.489483,-6.518599,14.63398,-0.004147402
-4.549999,-0.8798178,-6.520756,14.63398,-0.004147402
-4.549999,6.437169,-6.52283,14.63398,-0.004147402
-6.65,7.836435,-4.580353,-8.126475,11.89671
-6.5,3.773199,1.368,-8.126475,11.89671
-6.5,-0.2900383,7.316353,-8.126475,11.89671
-6.5,-4.353275,0.8880005,-8.126475,-12.89671
-6.5,-8.416513,-5.560352,-8.126475,-12.89671
-6.5,0,0,0,0
-4.099998,0,0,0,0
-3.499998,-1.420804,1.251331,-7.893355,6.95184
-3.499998,-5.367481,4.727252,-7.893355,6.95184
-3.499998,-9.314159,6.136655,-7.893355,-7.95184
-3.499998,-1.894408,1.365552,19.73339,-9.9398
-3.949998,7.972285,-3.604348,19.73339,-9.9398
-6.5,2.05227,-6.685688,-19.73339,-4.9699
-6.2,-7.814424,-4.814716,-19.73339,5.9699
-3.049998,-2.289076,-2.844647,19.73339,2.98495
-3.049998,7.577618,-1.352171,19.73339,2.98495
0.2500024,2.446938,-0.3969862,-19.73339,1.492475
0.2500024,-7.419756,0.3492512,-19.73339,1.492475
0.2500024,-3.078411,0.8417683,19.73339,0.7462375
0.2500024,6.788282,1.214887,19.73339,0.7462375
2.350003,3.236273,1.468608,-19.73339,0.3731188
2.350003,-6.630421,1.655168,-19.73339,0.3731188
2.350003,-3.867747,1.785759,19.73339,0.1865594
0.7000026,6.393615,1.882768,19.73339,0.1865594
1.900002,3.630941,1.948064,-19.73339,0.09327969
1.900002,-6.235753,1.994704,-19.73339,0.09327969
0.2500026,-4.262415,2.028284,19.73339,0.04663984
0.2500026,5.60428,2.051601,19.73339,0.04663984
2.650003,4.420277,2.068856,-19.73339,0.02331992
-0.1999974,-5.841085,2.080981,-19.73339,0.02331992
-0.1999974,-4.657083,2.089609,19.73339,0.01165996
-0.1999974,5.209612,2.095438,19.73339,0.01165996
2.350003,0,0,0,0
0.5500026,0,0,0,0
1.750002,1.127082,1.027627,7.04426,6.422671
2.050002,4.649211,4.238964,7.04426,6.422671
2.050002,8.31223,6.768029,7.04426,-7.422671
4.000003,0,0,0,0
2.800003,0,0,0,0
1.600002,0.1421686,-0.1179555,7.10843,-5.897773
2.650002,3.696383,-3.066842,7.10843,-5.897773
-1.099998,7.250596,-6.015732,7.10843,-5.897773
-4.849999,11.44457,-6.683177,17.77107,27.37223
-6.5,0,0,0,0
-3.199998,0,0,0,0
0.1000025,3.524158,-3.355755,7.048315,-6.711512
0.1000025,7.048319,-6.711509,7.048315,-6.711512
-3.649998,7.30239,-5.570149,-39.7974,-15.94859
-6.5,0,0,0,0
-3.799998,0,0,0,0
-0.04999754,-0.1402534,0.1207439,-7.012671,6.037193
0.7000024,-3.786844,3.260083,-7.012671,6.037193
0.7000024,-7.293182,6.278677,-7.012671,6.037193
0.7000024,-8.064572,4.696052,17.53168,-8.796492
-1.249997,0.7012679,0.2978065,17.53168,-8.796492
-2.749998,9.467108,-4.100439,17.53168,-8.796492
-6.2,0,0,0,0
-3.049998,0,0,0,0
-0.04999754,2.287225,-1.941346,6.353405,-5.392629
-0.04999754,5.463926,-4.637658,6.353405,-5.392629
-2.449997,8.64063,-6.88256,6.353405,6.392629
-6.35,3.871442,-1.649284,-21.413,26.18681
-6.5,-6.835056,2.924341,-21.413,-27.18681
-6.5,-2.980718,-6.319175,21.413,-13.5934
-5.449999,7.72578,-0.7336811,21.413,14.5934
-1.699997,0,0,0,0
0.4000024,0,0,0,0
-3.199998,1.88005,-1.696548,6.266835,-5.65516
-4.399999,5.013466,-4.524127,6.266835,-5.65516
-4.399999,8.146883,-6.879299,6.266835,6.65516
-5.9,6.329499,-3.052579,-15.66709,8.31895
-4.249999,-1.504043,1.106895,-15.66709,8.31895
-0.4999975,-9.337585,5.26637,-15.66709,8.31895
0.1000025,-7.003912,2.847338,6.16742,-11.96269
-1.249997,-3.920206,-3.134005,6.16742,-11.96269
-0.9499974,-0.836495,-5.147287,6.16742,12.96269
-0.04999754,2.247215,1.334055,6.16742,12.96269
-0.04999754,5.330925,6.758381,6.16742,-13.96269
-1.849997,8.414631,-0.2229599,6.16742,-13.96269
-5.299999,8.167934,-5.668408,-6.16742,-6.981343
-6.5,5.084229,-4.989528,-6.16742,7.981342
-4.099998,2.000519,-0.9988545,-6.16742,7.981342
-0.3499975,-1.083191,2.991817,-6.16742,7.981342
1.300002,-4.166902,6.982491,-6.16742,7.981342
-1.699997,-7.250608,2.851071,-6.16742,-8.981342
1.450002,-9.885726,-1.64897,1.30905,-6.853137
5.200004,-9.231195,-5.075538,1.30905,-6.853137
4.300004,-8.576665,-5.580851,1.30905,7.853137
4.150003,-7.922134,-1.654284,1.30905,7.853137
4.150003,-7.267604,2.272285,1.30905,7.853137
3.450001,0,0,0,0
6.65,0,0,0,0
6.65,0,0,0,0
6.65,0,0,0,0
6.65,-3.303584,2.627314,-6.882467,5.473572
6.65,-6.744821,5.364097,-6.882467,5.473572
6.65,-9.428988,6.176971,17.20617,-8.091965
6.65,-0.4817781,1.969147,17.20617,-8.091965
6.65,8.121305,-2.076834,17.20617,-8.091965
6.65,0,0,0,0
6.65,0,0,0,0
6.65,2.233693,1.47962,7.977477,5.284357
6.65,6.222433,4.121798,7.977477,5.284357
6.65,9.333652,6.790398,-19.94369,6.605446
6.65,-0.6381944,3.860324,-19.94369,-7.605446
6.65,-9.812294,0.05760145,19.94369,-3.802723
6.65,0.1595532,-1.84376,19.94369,-3.802723
6.65,10.1314,-3.745124,19.94369,-3.802723
6.65,0,0,0,0
6.65,0,0,0,0
6.65,3.376041,-2.98563,7.67282,-6.785521
6.65,7.212448,-6.378388,7.67282,-6.785521
6.65,11.04886,-4.254155,7.67282,7.785521
6.65,0,0,0,0
6.65,0,0,0,0
6.65,3.2636,-2.210969,7.770473,-5.264212
6.65,7.148834,-4.843074,7.770473,-5.264212
6.65,11.18949,-6.67819,7.770473,6.264212
6.65,0,0,0,0
6.65,0,0,0,0
6.65,-2.780791,2.759488,-6.62093,6.570209
6.65,-6.091257,6.044595,-6.62093,6.570209
6.65,-9.401722,4.824765,-6.62093,-7.570209
6.65,-3.178049,0.2826386,16.55232,-9.462761
6.65,5.098114,-4.448742,16.55232,-9.462761
6.65,0,0,0,0
6.65,0,0,0,0
6.65,-0.9499878,0.8388119,-7.916565,6.990099
6.65,-4.908272,4.333861,-7.916565,6.990099
6.65,-8.866554,6.350891,-7.916565,-7.990099
6.65,-3.08746,1.676683,19.79141,-9.987624
6.65,6.808247,-3.317129,19.79141,-9.987624
6.65,0,0,0,0
6.65,0,0,0,0
6.65,1.89398,-1.422017,7.891582,-5.925069
6.65,5.839771,-4.384552,7.891582,-5.925069
6.65,9.943389,-6.714575,7.891582,6.925069
6.65,0,0,0,0
6.65,0,0,0,0
6.65,2.023666,1.684416,7.227377,6.015772
6.65,5.637352,4.692305,7.227377,6.015772
6.65,9.25104,6.677669,7.227377,-7.015772
6.65,2.963222,2.503287,-18.06844,-8.769714
6.65,-6.070999,-1.881571,-18.06844,-8.769714
6.65,0,0,0,0
6.65,0,0,0,0
6.65,1.566293,-1.216677,7.831466,-6.083385
6.65,5.482024,-4.258369,7.831466,-6.083385
6.65,9.397755,-7.05673,7.831466,6.083385
6.65,0,0,0,0
6.65,0,0,0,0
6.65,1.403281,-1.313279,7.016406,-6.566393
6.65,4.911484,-4.596474,7.016406,-6.566393
6.65,8.419683,-6.203732,7.016406,7.566393
6.65,0,0,0,0
6.65,0,0,0,0
6.65,0.2644973,-0.2218487,6.612432,-5.546217
6.65,3.570713,-2.994957,6.612432,-5.546217
6.65,6.876934,-5.768063,6.612432,-5.546217
6.65,10.18316,-5.417139,6.612432,6.546217
6.65,0,0,0,0
6.65,0,0,0,0
6.65,2.22131,-1.756553,7.93325,-6.273403
6.65,6.187936,-4.893255,7.93325,-6.273403
6.65,10.15456,-6.153406,7.93325,7.273403
6.65,0,0,0,0
6.65,0,0,0,0
6.65,1.833913,1.752194,6.113043,5.840646
6.65,4.890435,4.672516,6.113043,5.840646
6.65,8.069221,6.46152,6.113043,-6.840646
6.65,11.12575,3.041201,6.113043,-6.840646
6.65,0,0,0,0
6.65,0,0,0,0
6.65,2.803399,-2.093971,7.008497,-5.234927
6.65,6.307649,-4.711432,7.008497,-5.234927
6.65,9.952071,-6.765406,7.008497,6.234926
6.65,0,0,0,0
6.65,0,0,0,0
6.65,-1.89202,1.311875,-7.276997,5.045673
6.65,-5.530517,3.834712,-7.276997,5.045673
6.65,-9.169015,6.35755,-7.276997,5.045673
6.65,-2.838032,4.750901,18.19249,-7.307091
6.65,6.258214,1.097356,18.19249,-7.307091
6.65,0,0,0,0
6.65,0,0,0,0
6.65,-1.730401,1.190387,-7.865458,5.410852
6.65,-5.663127,3.895813,-7.865458,5.410852
6.65,-9.595859,6.601243,-7.865458,5.410852
6.65,-1.101167,4.111008,19.66364,-7.763566
6.65,8.730654,0.2292254,19.66364,-7.763566
6.65,0,0,0,0
6.65,0,0,0,0
6.65,2.21726,1.928722,6.159055,5.357562
6.65,5.29679,4.607503,6.159055,5.357562
6.65,8.376324,7.071977,6.159055,-5.357562
6.65,8.608922,2.671194,-5.470701,-10.72118
6.65,5.873569,-2.689397,-5.470701,-10.72118
6.65,3.138217,-6.274599,-5.470701,11.72118
6.65,0.4028659,-0.4140078,-5.470701,11.72118
6.65,-2.332484,5.446583,-5.470701,11.72118
6.65,-5.067837,3.01677,-5.470701,-12.72118
6.65,-7.803189,-3.34382,-5.470701,-12.72118
6.65,-10.53854,-5.846421,-5.470701,-14.36059
6.65,0,0,0,0
6.65,0,0,0,0
6.65,1.820939,1.805095,6.069799,6.016983
6.65,4.855841,4.813587,6.069799,6.016983
6.65,7.890742,6.538685,6.069799,-7.016983
6.65,10.92564,3.030191,6.069799,-7.016983
6.65,0,0,0,0
6.65,0,0,0,0
6.65,2.79523,-1.919715,7.355866,-5.051881
6.65,6.47316,-4.445652,7.355866,-5.051881
6.65,10.1511,-6.97159,7.355866,-5.051881
6.65,0,0,0,0
6.65,0,0,0,0
6.65,2.080827,2.036576,6.93609,6.788588
6.65,5.548872,5.43087,6.93609,6.788588
6.65,9.016917,5.346642,6.93609,-7.788588
6.65,0,0,0,0
6.65,0,0,0,0
6.65,-0.7751772,0.5847828,-7.751772,5.847828
6.65,-4.651064,3.508696,-7.751772,5.847828
6.65,-8.52695,6.432613,-7.751772,5.847828
6.65,-3.565814,3.867398,19.37943,-8.559786
6.65,6.1239,-0.4124954,19.37943,-8.559786
6.65,0,0,0,0
6.65,0,0,0,0
6.65,-1.534935,1.349712,-7.674674,6.74856
6.65,-5.372271,4.72399,-7.674674,6.74856
6.65,-9.209609,6.088673,-7.674674,-7.74856
6.65,-2.532643,1.478281,19.18669,-9.685699
6.65,7.0607,-3.364568,19.18669,-9.685699
6.65,0,0,0,0
6.65,0,0,0,0
6.65,-1.777098,1.740555,-6.34678,6.216268
6.65,-4.950486,4.848688,-6.34678,6.216268
6.65,-8.123873,6.364916,-6.34678,-7.216268
6.65,-6.600651,2.39597,15.86695,-9.020335
6.65,1.650162,-2.294605,15.86695,-9.020335
6.65,9.583636,-6.804771,15.86695,-9.020335
6.65,0,0,0,0
6.65,0,0,0,0
6.65,2.286611,-2.072299,6.017398,-5.453418
6.65,5.29531,-4.799009,6.017398,-5.453418
6.65,8.304009,-6.593172,6.017398,6.453418
6.65,11.31271,-3.366462,6.017398,6.453418
6.65,0,0,0,0
6.65,0,0,0,0
6.65,3.489978,-2.651649,7.931769,-6.026474
6.65,7.455858,-5.664887,7.931769,-6.026474
6.65,11.42174,-5.304358,7.931769,7.026474
6.65,0,0,0,0
6.65,0,0,0,0
6.65,3.175335,-3.213669,6.615283,-6.695145
6.65,6.482976,-6.561243,6.615283,-6.695145
6.65,9.790623,-3.884892,6.615283,7.695145
6.65,0,0,0,0
6.65,0,0,0,0
6.65,-1.53527,1.100743,-6.978503,5.003377
6.65,-5.024522,3.602432,-6.978503,5.003377
6.65,-8.513778,6.104123,-6.978503,5.003377
6.65,-4.884956,5.193685,17.44626,-7.254222
6.65,3.838172,1.566576,17.44626,-7.254222
6.65,0,0,0,0
6.65,0,0,0,0
6.65,0.2574193,-0.2633678,6.435483,-6.584194
6.65,3.603869,-3.687148,6.435483,-6.584194
6.65,6.821613,-6.979243,6.435483,-6.584194
6.65,10.03936,-3.490516,6.435483,7.584194
6.65,0,0,0,0
6.65,0,0,0,0
6.65,1.818297,-1.45255,7.576239,-6.05229
6.65,5.606414,-4.478694,7.576239,-6.05229
6.65,9.394528,-6.738561,7.576239,7.05229
6.65,0,0,0,0
6.65,0,0,0,0
6.65,1.353522,1.190824,6.152375,5.412836
6.65,4.42971,3.897243,6.152375,5.412836
6.65,7.505894,6.603663,6.152375,5.412836
6.65,11.32037,4.471556,15.38094,-8.016045
3.750001,0,0,0,0
6.65,0,0,0,0
6.65,0,0,0,0
6.65,0,0,0,0
6.65,3.508405,-2.960663,7.309179,-6.168049
6.65,7.162992,-6.044689,7.309179,-6.168049
6.65,10.96377,-4.7378,7.309179,7.168049
6.65,0,0,0,0
6.65,0,0,0,0
6.65,-2.442503,2.775879,-6.106256,6.9397
6.65,-5.495631,6.245728,-6.106256,6.9397
6.65,-8.548758,4.378995,-6.106256,-7.9397
6.65,-5.800938,-0.1069347,15.26564,-9.924624
6.65,2.137192,-5.26774,15.26564,-9.924624
6.65,9.770011,-3.995277,15.26564,10.92462
6.65,0,0,0,0
6.65,0,0,0,0
6.65,-2.869118,2.304069,-7.969775,6.400189
6.65,-6.854009,5.504162,-7.969775,6.400189
6.65,-7.730682,5.22716,19.92444,-9.250237
6.65,2.231535,0.6020422,19.92444,-9.250237
6.65,0,0,0,0
6.65,0,0,0,0
6.65,0.1538011,0.1348649,7.690056,6.743246
6.65,3.99883,3.506487,7.690056,6.743246
6.65,7.997655,7.012972,7.690056,6.743246
6.65,0,0,0,0
6.65,0,0,0,0
6.65,-0.9719155,0.9782171,-6.942254,6.987266
6.65,-4.443041,4.471849,-6.942254,6.987266
6.65,-7.914165,6.188537,-6.942254,-7.987266
6.65,-6.248029,1.795542,17.35563,-9.984082
6.65,2.429788,-3.1965,17.35563,-9.984082
6.65,11.45472,-5.892045,17.35563,10.98408
6.65,0,0,0,0
6.65,0,0,0,0
6.65,3.035024,-3.180628,6.322965,-6.626311
6.65,6.196504,-6.493787,6.322965,-6.626311
6.65,9.357983,-4.125891,6.322965,7.626311
6.65,0,0,0,0
6.65,0,0,0,0
6.65,-1.01612,0.97734,-7.257999,6.981
6.65,-4.64512,4.467841,-7.257999,6.981
6.65,-8.274124,6.482138,-7.257999,-7.981
6.65,-5.008024,1.972875,18.145,-9.976251
6.65,4.427374,-3.214776,18.145,-9.976251
6.65,0,0,0,0
6.65,0,0,0,0
6.65,0.6046177,-0.5754322,6.046176,-5.754323
6.65,3.627706,-3.452595,6.046176,-5.754323
6.65,6.650794,-6.329759,6.046176,-5.754323
6.65,9.673888,-4.723807,6.046176,6.754323
6.65,0,0,0,0
6.65,0,0,0,0
6.65,1.151683,-1.184477,6.398239,-6.580427
6.65,4.350802,-4.474689,6.398239,-6.580427
6.65,7.549926,-6.368816,6.398239,7.580427
6.65,10.74905,-2.578605,6.398239,7.580427
6.65,0,0,0,0
6.65,0,0,0,0
6.65,2.240155,-2.112403,6.588689,-6.212952
6.65,5.5345,-5.218878,6.588689,-6.212952
6.65,8.960623,-5.784432,6.588689,7.212952
6.65,0,0,0,0
6.65,0,0,0,0
6.65,0.509224,0.4126647,6.3653,5.158309
6.65,3.691874,2.991819,6.3653,5.158309
6.65,6.874524,5.570971,6.3653,5.158309
6.65,9.484297,5.979177,-15.91325,-7.697886
6.65,1.527673,2.13023,-15.91325,-7.697886
6.65,-6.428952,-1.718713,-15.91325,-7.697886
6.65,-5.474157,-4.566931,15.91325,-3.848943
6.65,2.482467,-6.491398,15.91325,-3.848943
6.65,10.75736,-5.381611,15.91325,4.848943
6.65,0,0,0,0
6.65,0,0,0,0
6.65,-3.074156,2.851635,-6.986719,6.480987
6.65,-6.567513,6.092127,-6.986719,6.480987
6.65,-9.781401,4.605551,17.4668,-9.351233
6.65,-1.048002,-0.07006517,17.4668,-9.351233
6.65,7.685399,-4.745681,17.4668,-9.351233
6.65,0,0,0,0
6.65,0,0,0,0
6.65,2.223401,1.464188,7.940717,5.229243
6.65,6.193761,4.07881,7.940717,5.229243
6.65,9.846493,6.693428,-19.85179,6.536554
6.65,-0.07940465,4.070999,-19.85179,-7.536554
6.65,-10.0053,0.302722,-19.85179,-7.536554
6.65,-0.07940429,-1.656782,19.85179,-3.768277
6.65,10.24353,-3.616286,19.85179,-3.768277
6.65,0,0,0,0
6.65,0,0,0,0
6.65,3.108442,2.159031,7.401054,5.140551
6.65,6.808971,4.729307,7.401054,5.140551
6.65,8.659233,7.119659,-18.50264,-6.425689
6.65,-0.592086,3.406815,-18.50264,-7.425689
6.65,-9.843404,-0.3060301,-18.50264,-7.425689
6.65,-1.332191,-2.310966,18.50264,-3.712844
6.65,8.289181,-4.241645,18.50264,-3.712844
6.65,0,0,0,0
6.65,0,0,0,0
6.65,2.370154,2.036213,7.900513,6.787379
6.65,6.320413,5.429903,7.900513,6.787379
6.65,9.401618,5.306713,-19.75128,-9.734223
6.65,-0.4740231,0.4396006,-19.75128,-9.734223
6.65,-10.74469,-4.622196,-19.75128,-9.734223
6.65,0,0,0,0
6.65,0,0,0,0
6.65,2.935785,-2.755223,6.67224,-6.26187
6.65,6.271905,-5.886159,6.67224,-6.26187
6.65,9.608025,-4.979972,6.67224,7.261869
6.65,0,0,0,0
6.65,0,0,0,0
6.65,-1.364258,1.229294,-6.82129,6.146472
6.65,-4.911328,4.425459,-6.82129,6.146472
6.65,-8.321978,6.721121,-6.82129,-7.146472
6.65,-5.72989,2.719095,17.05322,-8.93309
6.65,2.796722,-1.747451,17.05322,-8.93309
6.65,11.32333,-6.213996,17.05322,-8.93309
6.65,0,0,0,0
6.65,0,0,0,0
6.65,2.961901,-3.224493,6.170626,-6.717694
6.65,6.047216,-6.583336,6.170626,-6.717694
6.65,9.255939,-3.744961,6.170626,7.717694
6.65,0,0,0,0
6.65,0,0,0,0
6.65,0.6463693,-0.52551,6.463693,-5.2551
6.65,3.878217,-3.15306,6.463693,-5.2551
6.65,7.110064,-5.780612,6.463693,-5.2551
6.65,10.3419,-5.665714,6.463693,6.255099
6.65,0,0,0,0
6.65,0,0,0,0
6.65,2.131347,1.551766,7.611953,5.542019
6.65,5.937321,4.322774,7.611953,5.542019
6.65,9.895532,7.204623,7.611953,5.542019
6.65,0.6089486,3.288575,-19.02988,-7.927524
6.65,-8.905993,-0.6751873,-19.02988,-7.927524
6.65,-1.674637,-2.974168,19.02988,-3.963762
6.65,7.840303,-4.956047,19.02988,-3.963762
6.65,0,0,0,0
6.65,0,0,0,0
6.65,2.157706,-1.648393,7.192353,-5.494643
6.65,5.753881,-4.395714,7.192353,-5.494643
6.65,9.35006,-7.143035,7.192353,-5.494643
6.65,0,0,0,0
6.65,0,0,0,0
6.65,0,0,0,0
6.65,1.172872,-0.8672897,7.330451,-5.420561
6.65,4.838098,-3.577571,7.330451,-5.420561
6.65,8.50332,-6.287854,7.330451,-5.420561
6.65,0,0,0,0
6.65,0,0,0,0
6.65,0.4800959,-0.4881847,6.001199,-6.102308
6.65,3.480695,-3.539339,6.001199,-6.102308
6.65,6.481299,-6.59049,6.001199,-6.102308
6.65,9.481898,-4.3798,6.001199,7.102308
6.65,0,0,0,0
6.65,0,0,0,0
6.65,0.7946814,-0.6484092,6.622345,-5.40341
6.65,4.105855,-3.350115,6.622345,-5.40341
6.65,7.417025,-6.051816,6.622345,-5.40341
6.65,10.7282,-5.231476,6.622345,6.40341
6.65,0,0,0,0
6.65,0,0,0,0
6.65,2.50454,2.30968,6.957057,6.415777
6.65,5.983067,5.517566,6.957057,6.415777
6.65,9.461595,5.425882,6.957057,-7.415777
6.65,0,0,0,0
6.65,0,0,0,0
6.65,1.212589,-1.228263,6.062946,-6.141314
6.65,1.212589,-1.228263,6.062946,-6.141314
6.65,4.244063,-4.298921,6.062946,-6.141314
6.65,7.275531,-6.858269,6.062946,7.141314
6.65,10.42826,-3.144789,6.062946,7.141314
6.65,0,0,0,0
6.65,0,0,0,0
6.65,2.381721,-2.452357,6.267687,-6.45357
6.65,5.766274,-5.937283,6.267687,-6.45357
6.65,9.150826,-4.435642,6.267687,7.453569
6.65,0,0,0,0
6.65,0,0,0,0
6.65,1.469103,1.125798,6.677743,5.117265
6.65,4.941531,3.786775,6.677743,5.117265
6.65,8.547512,6.550102,6.677743,5.117265
6.65,4.407309,4.125541,-16.69436,-7.646581
6.65,-4.607644,-0.003613621,-16.69436,-7.646581
6.65,-6.610967,-3.291644,16.69436,-3.82329
6.65,2.403985,-5.356217,16.69436,-3.82329
6.65,2.403985,-5.356217,16.69436,-3.82329
6.65,11.08505,-6.84553,16.69436,4.82329
6.65,0,0,0,0
6.65,0.1433084,0.1216919,7.16542,6.084595
6.65,4.012635,3.407374,7.16542,6.084595
6.65,4.012635,3.407374,7.16542,6.084595
6.65,7.881955,6.693051,7.16542,6.084595
6.65,5.445716,3.51583,-17.91355,-8.855744
6.65,-4.2276,-1.266273,-17.91355,-8.855744
6.65,0,0,0,0
6.65,0,0,0,0
6.65,1.618623,1.139257,7.357375,5.178441
6.65,5.444458,3.832046,7.357375,5.178441
6.65,9.41744,6.628409,7.357375,5.178441
6.65,1.618622,4.053469,-18.39344,-7.473051
6.65,-8.681704,-0.1314396,-18.39344,-7.473051
6.65,-2.060065,-2.448085,18.39344,-3.736526
6.65,8.240261,-4.540536,18.39344,-3.736526
6.65,0,0,0,0
6.65,0,0,0,0
6.65,2.416724,-2.280416,6.359798,-6.001097
6.65,5.851014,-5.521006,6.359798,-6.001097
6.65,9.285307,-5.401028,6.359798,7.001097
6.65,8.077362,5.570979,6.213358,-7.710442
6.65,11.30832,1.56155,6.213358,-7.710442
0,0,0,0,0
1.8,0,0,0,0
1.65,0,0,0,0
-1.2,0,0,0,0
1.35,3.460819,-3.198206,6.655425,-6.150396
-2.4,6.788534,-6.273402,6.655425,-6.150396
-5.700002,9.850025,-4.580317,-16.63856,8.937995
-2.25,1.530743,-0.1113199,-16.63856,8.937995
1.5,-6.788538,4.357677,-16.63856,8.937995
4.500001,0,0,0,0
1.2,0,0,0,0
-1.35,1.878921,1.329825,7.828838,5.540937
2.1,5.79334,4.100291,7.828838,5.540937
6.000002,9.864338,6.981582,7.828838,5.540937
5.149999,0.3131546,3.604883,-19.5721,-7.926171
1.399997,-9.472894,-0.3582018,-19.5721,-7.926171
-2.350003,-0.4697299,-2.498268,19.5721,-3.963086
-4.450004,9.316319,-4.479812,19.5721,-3.963086
-4.600004,1.096038,-5.589477,-19.5721,-1.981543
-4.600004,-8.690009,-6.580249,-19.5721,-1.981543
-4.600004,-1.252614,-7.054348,19.5721,1
-5.050004,8.924876,-6.534349,19.5721,1
-6.5,1.48748,-6.244344,-19.5721,0.5
-6.5,-8.298567,-5.994339,-19.5721,0.5
-4.549999,-1.644056,-5.844335,19.5721,0.25
-3.949998,8.141992,-5.719332,19.5721,0.25
-6.5,0,0,0,0
-4.549999,0,0,0,0
-1.099997,1.344817,1.212723,6.724085,6.063614
1.000002,4.70686,4.24453,6.724085,6.063614
4.750004,8.068908,7.033788,6.724085,-6.063614
4.750004,6.118919,2.972212,-16.81021,-8.829517
2.050002,-2.286186,-1.442546,-16.81021,-8.829517
-1.699997,-10.69129,-5.857307,-16.81021,-8.829517
-2.299998,0,0,0,0
0.8500021,0,0,0,0
0.8500021,-2.643827,2.33117,-6.008698,5.298111
0.8500021,-5.648175,4.980227,-6.008698,5.298111
0.8500021,-8.7727,6.595623,-6.008698,-6.298111
-1.849998,-5.648179,3.0057,15.02174,-7.872639
-4.099998,1.862693,-0.9306195,15.02174,-7.872639
-4.249999,9.373568,-4.866939,15.02174,-7.872639
-6.5,3.064432,-7.071275,-15.02174,-3.93632
-4.849999,-4.446439,-4.80057,-15.02174,4.936319
-1.099997,-8.352095,-2.579229,15.02174,2.46816
0.4000024,-0.8412206,-1.345151,15.02174,2.46816
-0.6499975,6.669652,-0.1110714,15.02174,2.46816
1.450002,5.768347,0.8021473,-15.02174,1.23408
-0.4999974,-1.742525,1.419187,-15.02174,1.23408
-0.4999974,-9.553835,2.060907,-15.02174,1.23408
-0.4999974,-3.244699,2.406449,15.02174,0.6170399
1.300002,4.266172,2.714969,15.02174,0.6170399
2.950003,8.171827,2.992637,-15.02174,0.30852
3.550003,0.6609535,3.1469,-15.02174,0.30852
1.000002,-6.84992,3.301163,-15.02174,0.30852
3.700003,-5.948614,3.415316,15.02174,0.15426
2.050002,1.562258,3.492444,15.02174,0.15426
2.050002,9.073133,3.569572,15.02174,0.15426
4.900004,3.064432,3.615849,-15.02174,0.07712999
3.550003,-4.446439,3.654414,-15.02174,0.07712999
6.5,-8.352095,3.689121,15.02174,0.03856499
6.5,-0.5407858,3.709175,15.02174,0.03856499
6.5,6.970088,3.728457,15.02174,0.03856499
2.749998,5.303636,1.523249,-15.56934,-6.915381
2.749998,-2.481033,-1.934442,-15.56934,-6.915381
2.449997,-9.642928,-5.392131,15.56934,-3.457691
-1.300002,-1.858259,-7.120975,15.56934,-3.457691
-1.750002,5.926409,-4.912131,15.56934,4.457691
-3.250003,0,0,0,0
-1.600002,0,0,0,0
1.249997,0.8882195,-0.8039317,7.40183,-6.699431
-0.2500026,4.737169,-4.287636,7.40183,-6.699431
-2.200002,8.438082,-6.505437,7.40183,7.699431
-5.950005,-1.062001,-5.041117,-38.12658,-0.2553008
-4.150003,-0.2994697,-5.13813,38.12658,-0.1276504
-5.050004,0,0,0,0
-3.850003,0,0,0,0
-0.1000024,1.293082,1.208066,6.465408,6.040329
1.849997,4.655096,4.349039,6.465408,6.040329
4.099998,7.887801,6.86598,6.465408,-7.040329
5.599999,7.241252,3.0642,-16.16352,-8.800411
3.199998,-1.163777,-1.512013,-16.16352,-8.800411
-0.5500024,-9.245537,-5.912219,-16.16352,-8.800411
-2.650003,0,0.34,0,1
-2.650003,0,0.8399997,0,1
-0.5500026,-2.69019,3.690215,-7.912323,7.912396
-0.5500026,-6.646353,6.656926,-7.912323,-8.912395
-3.700003,-8.624429,2.067042,19.78081,-11.14049
-5.200004,1.66159,-3.726015,19.78081,-11.14049
-6.65,8.387064,-5.489898,-19.78081,6.070247
-5.449999,-1.503338,-2.454773,-19.78081,6.070247
-1.549997,-8.624429,0.5196478,19.78081,3.035124
1.750002,1.265974,2.037209,19.78081,3.035124
2.650003,8.782681,3.49407,-19.78081,1.517562
4.600004,-1.107722,4.25285,-19.78081,1.517562
2.800003,-9.415662,4.996453,19.78081,0.7587809
2.800003,0.4747418,5.375849,19.78081,0.7587809
5.050004,9.573914,5.755244,-19.78081,0.3793904
5.050004,-0.3164899,5.944942,-19.78081,0.3793904
3.850003,-9.811278,6.142228,19.78081,0.1896952
3.850003,0.07912564,6.237071,19.78081,0.1896952
4.600004,9.96953,6.331913,19.78081,0.1896952
6.35,0,0,0,0
2.599998,0,0,0,0
-1.150002,2.540169,-2.293519,6.350421,-5.733798
-2.350003,5.842388,-5.275095,6.350421,-5.733798
-2.350003,9.017598,-5.917828,6.350421,6.733798
-5.800004,0,0.2,0,1
-4.000003,0,0.6999999,0,1
-0.2500024,1.228319,-0.1749372,6.141595,-5.874684
0.1999976,4.299116,-3.112278,6.141595,-5.874684
-2.200002,7.369911,-6.049619,6.141595,-5.874684
-4.750004,7.300414,-6.307771,-38.95547,-10.92937
-6.5,0,0,0,0
-2.749998,0,0,0,0
0.5500024,0.1338338,-0.1353299,6.691692,-6.766498
-1.699997,3.479681,-3.518579,6.691692,-6.766498
-4.099998,6.825528,-6.901823,6.691692,-6.766498
-4.099998,9.435288,-3.581066,-16.72923,9.708122
-3.799998,1.070673,1.272995,-16.72923,9.708122
-0.04999754,-7.293944,6.127055,-16.72923,9.708122
1.000002,0,0,0,0
1.000002,0,0,0,0
1.000002,-1.673782,1.247301,-6.974091,5.197087
-0.4999974,-5.30031,3.949786,-6.974091,5.197087
1.000002,-8.787358,6.548334,-6.974091,5.197087
1.900002,-4.18446,4.341323,17.43523,-7.746359
1.900002,4.533154,0.468143,17.43523,-7.746359
-1.849997,0,0,0,0
-3.199998,0,0,0,0
0.5500024,0.6309724,0.5488229,7.887156,6.860287
1.450002,4.574551,3.978968,7.887156,6.860287
5.200004,8.518127,6.840285,7.887156,-7.860287
2.950003,3.470352,2.124115,-19.71789,-9.825359
-0.7999975,-6.38859,-2.788565,-19.71789,-9.825359
-3.799999,0,0,0,0
-1.249998,0,0,0,0
2.050002,-1.508473,1.642486,-6.285305,6.843694
1.000002,-4.651127,5.064333,-6.285305,6.843694
1.000002,-7.793782,5.862449,-6.285305,-7.843694
-1.849997,-7.605218,1.666074,15.71326,-9.804617
-3.799999,0.5656786,-3.432327,15.71326,-9.804617
-4.399999,8.42231,-5.881526,15.71326,10.80462
-6.05,3.708331,-2.532098,-15.71326,5.402308
-2.149997,-4.462565,0.2771022,-15.71326,5.402308
1.300002,-7.919483,2.654117,15.71326,2.701154
1.300002,-0.06285191,4.004693,15.71326,2.701154
4.450004,7.793779,5.355275,15.71326,2.701154
6.5,4.336862,6.246655,-15.71326,1.350577
4.099998,-3.51977,6.921939,-15.71326,1.350577
4.099998,-8.862279,6.429354,15.71326,-1.175289
3.049998,-1.005648,5.841712,15.71326,-1.175289
3.049998,6.850984,5.25407,15.71326,-1.175289
6.2,4.268905,6.046324,-17.88979,3.021512
3.799998,-4.675989,6.591055,-17.88979,-4.021512
0.7999974,-6.464968,4.942239,17.88979,-2.010756
0.7999974,2.479926,3.936864,17.88979,-2.010756
2.899998,8.562453,2.991811,-17.88979,-1.005378
4.399999,-0.3824399,2.489123,-17.88979,-1.005378
2.299997,-9.685129,1.966328,-17.88979,-1.005378
2.299997,-1.455828,1.694877,17.88979,-0.502689
0.4999975,7.489066,1.443533,17.88979,-0.502689
0.4999975,3.553313,1.277645,-17.88979,-0.2513445
-0.5500024,-5.39158,1.151972,-17.88979,-0.2513445
0.04999754,-5.749376,1.053947,17.88979,-0.1256723
-0.7000024,3.195517,0.9911115,17.88979,-0.1256723
1.399997,7.489066,0.9333019,-17.88979,-0.06283613
0.6499975,-1.813623,0.9006276,-17.88979,-0.06283613
0.6499975,-9.327333,0.8698384,17.88979,-0.03141806
-0.4000024,-0.3824404,0.8541296,17.88979,-0.03141806
-0.2500025,8.562453,0.8384207,17.88979,-0.03141806
-0.7000024,2.479926,0.8289955,-17.88979,-0.01570903
-0.4000025,-6.464967,0.8211411,-17.88979,-0.01570903
0.1999975,-4.675989,0.8154855,17.88979,-0.007854516
-0.7000024,4.268904,0.8115575,17.88979,-0.007854516
1.549997,6.415679,0.8081795,-17.88979,-0.003927258
-0.2500024,-2.529214,0.8062155,-17.88979,-0.003927258
-1.000002,-8.611742,0.8043694,17.88979,-0.001963629
1.399997,0.3331511,0.8033874,17.88979,-0.001963629
1.399997,9.278045,0.8024054,17.88979,-0.001963629
0.6499975,1.764335,0.8018562,-17.88979,-0.0009818145
2.899998,-7.180559,0.8013659,-17.88979,-0.0009818145
2.899998,-3.602602,0.8010222,17.88979,-0.0004909072
2.899998,5.342291,0.8007764,17.88979,-0.0004909072
0.3499975,8.512004,-2.564993,-6.17346,-12.94477
-0.4000024,5.42527,-5.292842,-6.17346,13.94477
-0.4000024,2.33854,1.679544,-6.17346,13.94477
-0.4000024,-0.7481908,5.782975,-6.17346,-14.94477
-0.4000024,-3.83492,-1.689411,-6.17346,-14.94477
-0.4000024,-6.921653,-5.475051,-6.17346,15.94477
-0.4000024,-10.00839,2.497336,-6.17346,15.94477
-0.4000024,0,0,0,0
-0.4000024,0,0,0,0
-0.4000024,1.399192,1.406445,6.359966,6.392932
2.599998,4.706375,4.73077,6.359966,6.392932
2.599998,7.886354,6.292932,6.359966,-7.392932
4.099998,7.250357,2.300749,-15.89991,-9.241165
2.899998,-0.699602,-2.319833,-15.89991,-9.241165
0.3499975,-8.64956,-6.940418,-15.89991,-9.241165
-1.300002,-3.243588,-4.277713,15.89991,5.120583
-1.300002,4.70637,-1.71742,15.89991,5.120583
-1.300002,0,0,0,0
-1.300002,0,0,0,0
-1.000002,0.473918,0.3920274,7.898634,6.53379
0.1999975,4.423234,3.658922,7.898634,6.53379
2.749998,8.372553,6.925817,7.898634,6.53379
5.299999,0,0,0,0
5.299999,0,0,0,0
5.299999,0.8428026,-0.6719491,7.023355,-5.599576
1.699997,4.354482,-3.471736,7.023355,-5.599576
-2.050002,7.866161,-6.271521,7.023355,-5.599576
-5.800004,0,0,0,0
-6.2,0,0,0,0
-2.449997,-0.3695549,0.3306983,-6.159248,5.511638
1.300002,-3.449178,3.086518,-6.159248,5.511638
1.600002,-6.651991,5.952571,-6.159248,5.511638
-2.149997,-9.73162,5.361873,-6.159248,-6.511638
-3.799998,-3.079632,1.389774,15.39812,-8.139547
-3.799998,4.619429,-2.68,15.39812,-8.139547
-6.05,8.007015,-6.261401,-15.39812,-4.069774
-6.5,0.3079548,-5.757214,-15.39812,5.069774
-4.699999,-7.391106,-3.222326,-15.39812,5.069774
-2.149997,-5.235369,-1.447906,15.39812,2.534887
-2.149997,2.463692,-0.1804633,15.39812,2.534887
-0.3499975,10.47071,1.137678,15.39812,2.534887
0.7000024,0,0,0,0
1.300002,0,0,0,0
-0.7999974,-2.703008,2.991066,-6.143198,6.797879
-2.299997,-5.774604,6.390007,-6.143198,6.797879
-2.299997,-8.846199,4.262558,-6.143198,-7.797879
-2.299997,-5.221713,-0.2212223,15.35799,-9.747349
-2.299997,2.457284,-5.094896,15.35799,-9.747349
-3.349998,10.13628,-4.250056,15.35799,10.74735
-4.399999,2.457283,-1.455747,-15.35799,5.373674
-1.249997,-5.528873,1.338563,-15.35799,5.373674
-0.1999975,-7.064672,3.541768,15.35799,2.686837
3.550003,0.6143249,4.885186,15.35799,2.686837
5.650004,8.293322,6.228603,15.35799,2.686837
5.650004,4.300243,7.08839,-15.35799,1.343419
4.750004,-3.378754,6.084155,-15.35799,-2.343419
1.900002,-9.21479,4.959315,15.35799,-1.171709
1.900002,-1.535794,4.373461,15.35799,-1.171709
1.900002,6.143203,3.787607,15.35799,-1.171709
4.150003,6.450362,3.330641,-15.35799,-0.5858546
4.750004,-1.228635,3.037714,-15.35799,-0.5858546
4.750004,-8.907631,2.744787,-15.35799,-0.5858546
1.600002,-3.685914,2.569028,15.35799,-0.2929273
-0.0499976,3.993084,2.422562,15.35799,-0.2929273
2.200002,8.293322,2.284884,-15.35799,-0.1464637
3.100003,0.6143241,2.211654,-15.35799,-0.1464637
-0.6499975,-7.064673,2.138423,-15.35799,-0.1464637
0.2500024,-5.221713,2.084233,15.35799,-0.07323183
0.5500023,2.457284,2.047618,15.35799,-0.07323183
1.000002,10.13628,2.011003,15.35799,-0.07323183
3.100003,2.457283,1.991961,-15.35799,-0.03661592
1.750002,-5.221714,1.973654,-15.35799,-0.03661592
2.350002,-7.371832,1.958275,15.35799,-0.01830796
4.450004,0.3071651,1.94912,15.35799,-0.01830796
4.000003,8.293322,1.939598,15.35799,-0.01830796
0.4000024,4.300243,1.933739,-15.35799,-0.009153979
0.4000024,-3.378754,1.929161,-15.35799,-0.009153979
0.4000024,-9.21479,1.924767,15.35799,-0.004576989
0.4000024,-1.535794,1.922478,15.35799,-0.004576989
0.4000024,6.143203,1.920189,15.35799,-0.004576989
2.500002,0,0,0,0
1.750002,0,0,0,0
-1.549997,0.3918355,-0.3470279,6.530592,-5.783799
-0.9499975,3.657133,-3.238926,6.530592,-5.783799
-0.9499975,6.92243,-6.130825,6.530592,-5.783799
-3.049998,10.31833,-4.885417,6.530592,6.783799
-6.2,0,0,0,0
-4.399999,0,0,0,0
-0.6499975,-3.277714,2.538162,-7.80408,6.043242
-0.1999975,-7.335837,5.680648,-7.80408,6.043242
-0.1999975,-7.101712,5.073269,19.5102,-8.804052
-0.1999975,2.653387,0.6712434,19.5102,-8.804052
-3.199998,7.726039,-3.29058,-19.5102,-4.402026
-5.449999,-2.029059,-5.491591,-19.5102,-4.402026
-5.449999,-8.662527,-6.698175,19.5102,2.701013
-5.449999,1.092571,-5.347665,19.5102,2.701013
-3.649998,9.286854,-4.024166,-19.5102,1.350507
-1.399997,-0.8584476,-3.3219,-19.5102,1.350507
-1.549997,-9.833138,-2.646645,19.5102,0.6752533
-2.599998,-0.0780406,-2.309021,19.5102,0.6752533
-3.049998,9.677057,-1.971396,19.5102,0.6752533
-0.3499975,0.7023683,-1.789078,-19.5102,0.3376266
-3.349998,-9.052731,-1.620266,-19.5102,0.3376266
-3.349998,-1.248652,-1.518979,19.5102,0.1688133
-2.749998,8.506447,-1.434573,19.5102,0.1688133
-0.4999975,1.87298,-1.383929,-19.5102,0.08440666
-3.199998,-7.882119,-1.341726,-19.5102,0.08440666
-3.199998,-2.809468,-1.314715,19.5102,0.04220333
-3.199998,6.945631,-1.293612,19.5102,0.04220333
-0.6499975,3.433796,-1.279263,-19.5102,0.02110166
-1.849997,-6.711507,-1.268291,-19.5102,0.02110166
-2.749998,-3.98008,-1.260906,19.5102,0.01055083
-2.749998,5.775019,-1.255631,19.5102,0.01055083
-0.1999975,4.604408,-1.251727,-19.5102,0.005275416
-3.049998,-5.150691,-1.24909,-19.5102,0.005275416
-1.999997,-5.150692,-1.246979,19.5102,0.002637708
-3.499998,4.604407,-1.245659,19.5102,0.002637708
-1.399997,0,0,0,0
-0.7999974,0,0,0,0
2.800003,0.875739,-0.8109784,7.297824,-6.758153
1.750002,4.524652,-4.190054,7.297824,-6.758153
-1.999997,8.173564,-6.718148,7.297824,7.758153
-5.9,5.035497,-2.179632,-18.24456,9.697691
-6.5,-4.086784,2.669212,-18.24456,9.697691
-6.5,0,0,0,0
-3.799998,0,0,0,0
-3.799998,0.5297211,-0.4525396,6.621513,-5.656745
-3.799998,3.840479,-3.280911,6.621513,-5.656745
-2.449997,7.151231,-6.109283,6.621513,-5.656745
-4.699999,9.234847,-4.950772,-16.55378,8.320931
-6.5,0.9579554,-0.7903072,-16.55378,8.320931
-6.5,-7.318936,3.370158,-16.55378,8.320931
-4.249999,-4.339255,6.199277,16.55378,4.160466
-0.3499975,4.268712,5.772859,16.55378,-5.160466
3.400003,0,0,0,0
4.300004,0,0,0,0
0.4000024,0.507233,0.413176,6.340413,5.1647
-1.099998,3.677438,2.995525,6.340413,5.1647
2.650002,6.847643,5.577873,6.340413,5.1647
5.800004,9.44721,5.760225,-15.85103,-7.705875
3.550003,1.521698,1.907285,-15.85103,-7.705875
3.550003,-6.403816,-1.945652,-15.85103,-7.705875
-0.0499976,-5.135735,-4.873886,15.85103,-3.852937
-0.3499976,2.789781,-6.800355,15.85103,-3.852937
-3.499998,10.71529,-5.090356,15.85103,4.852938
-6.35,0,0,0,0
-3.799998,0,0,0,0
-1.549997,2.859254,2.244679,6.498306,5.101543
1.750002,6.108408,4.795448,6.498306,5.101543
4.000003,9.35756,6.918094,6.498306,-6.101543
6.5,0,0,0,0
4.099998,0,0,0,0
0.3499975,1.751778,-1.949824,6.25635,-6.963658
-3.400003,4.879953,-5.431653,6.25635,-6.963658
-3.400003,8.008124,-5.052381,6.25635,7.963658
-0.8500023,0,0,0,0
-0.8500023,0,0,0,0
-0.8500023,0.2426988,0.2391657,6.06747,5.979144
-1.600002,3.276433,3.228738,6.06747,5.979144
2.149997,6.310167,6.218306,6.06747,5.979144
3.349998,9.343901,4.822062,6.06747,-6.979143
6.35,4.065205,0.6694739,-15.16867,-8.723928
6.35,-3.519133,-3.69249,-15.16867,-8.723928
2.599998,-11.10347,-6.793103,-15.16867,6.680985
-0.4000024,0,0,0,0
-0.1000025,0,0,0,0
-1.600002,3.018236,3.174501,6.287992,6.613545
2.149997,6.162236,6.481272,6.287992,6.613545
4.099998,9.431998,3.964939,6.287992,-7.613545
6.05,0,0,0,0
3.049998,0,0,0,0
0.1999975,2.139945,1.918484,7.133149,6.39495
2.599998,5.70652,5.11596,7.133149,6.39495
5.149999,9.273094,5.851254,7.133149,-7.39495
6.5,3.067256,1.451258,-17.83287,-9.243688
4.699999,-5.84918,-3.170586,-17.83287,-9.243688
0.9499974,0,0,0,0
-0.4000024,0,0,0,0
-0.4000024,-1.265105,1.094423,-7.028363,6.080126
-0.4000024,-4.779288,4.134486,-7.028363,6.080126
-0.4000024,-8.293469,7.174549,-7.028363,6.080126
-0.4000024,-5.622686,3.22968,17.57091,-8.850158
-1.300002,3.162766,-1.195399,17.57091,-8.850158
-5.050004,8.434037,-5.26647,-17.57091,-4.425079
-6.35,-0.3514146,-6.710995,-17.57091,5.425079
-2.599998,-9.136868,-3.998459,-17.57091,5.425079
-1.849997,-2.459924,-2.425187,17.57091,2.712539
-1.849997,6.325528,-1.068917,17.57091,2.712539
0.7000024,4.919857,-0.03815195,-17.57091,1.35627
1.900002,-3.865595,0.639983,-17.57091,1.35627
-0.6499974,-7.731194,1.236742,17.57091,0.6781349
-0.6499974,1.054258,1.575809,17.57091,0.6781349
0.7000024,9.839711,1.914876,17.57091,0.6781349
4.000003,1.757094,2.097972,-17.57091,0.3390674
1.900002,-7.028358,2.267505,-17.57091,0.3390674
0.5500023,-4.568432,2.386181,17.57091,0.1695337
-0.0499976,4.21702,2.47095,17.57091,0.1695337
2.950003,7.028365,2.545548,-17.57091,0.08476686
3.850003,-1.757087,2.587933,-17.57091,0.08476686
0.7000023,-9.839705,2.630317,17.57091,0.04238343
0.7000023,-0.7028332,2.652354,17.57091,0.04238343
0.7000023,8.082619,2.673544,17.57091,0.04238343
4.450004,3.514184,2.687107,-17.57091,0.02119171
4.450004,-5.271267,2.697705,-17.57091,0.02119171
4.450004,-6.325522,2.706183,17.57091,0.01059586
5.050004,2.45993,2.711482,17.57091,0.01059586
3.250003,9.136874,2.716569,-17.57091,0.005297929
0.8500023,0.3514217,2.719215,-17.57091,0.005297929
4.150003,-8.434031,2.721862,-17.57091,0.005297929
3.700003,-2.811342,2.723555,17.57091,0.002648964
4.750004,5.97411,2.724879,17.57091,0.002648964
1.000002,5.622693,2.725884,-17.57091,0.001324482
0.2500024,-3.162759,2.726546,-17.57091,0.001324482
1.600002,-8.434031,2.727155,17.57091,0.0006622411
1.600002,0.3514212,2.727489,17.57091,0.0006622411
1.600002,9.136874,2.727823,17.57091,0.0006622411
3.250003,2.45993,2.728016,-17.57091,0.0003311205
3.850003,-6.325521,2.728183,-17.57091,0.0003311205
4.600004,-5.271268,2.728307,17.57091,0.0001655603
5.350004,3.865602,2.728393,17.57091,0.0001655603
1.750002,7.731201,2.728467,-17.57091,8.278013
0.1000024,-1.054251,2.728508,-17.57091,8.278013
0.1000024,-10.19112,2.728552,-17.57091,8.278013
0.1000024,-1.405669,2.728571,17.57091,4.139007
0.1000024,7.379782,2.728589,17.57091,4.139007
3.700003,0,0,0,0
4.150003,0,0,0,0
4.150003,1.607326,-1.36895,6.697192,-5.703958
1.600002,4.955923,-4.22093,6.697192,-5.703958
-2.149997,8.304523,-7.072905,6.697192,-5.703958
-6.65,0,0,0,0
-6.5,0,0,0,0
-6.5,2.152994,1.830513,6.332335,5.383861
-6.5,5.319161,4.522444,6.332335,5.383861
-6.5,8.485326,7.21438,6.332335,5.383861
-6.5,2.152994,1.830513,6.332335,5.383861